#Position (bp)	Coverage	Std
20.0	0.0	0.0
59.0	0.0	0.0
98.0	0.0	0.0
137.0	0.0	0.0
176.0	0.0	0.0
215.0	0.0	0.0
254.0	0.0	0.0
293.0	0.0	0.0
332.0	0.0	0.0
371.0	0.0	0.0
410.0	0.0	0.0
449.0	0.0	0.0
488.0	0.0	0.0
527.0	0.0	0.0
566.0	0.0	0.0
605.0	0.0	0.0
644.0	0.0	0.0
683.0	0.0	0.0
722.0	0.0	0.0
761.0	0.0	0.0
800.0	0.0	0.0
839.0	0.0	0.0
878.0	0.0	0.0
917.0	0.0	0.0
956.0	0.0	0.0
995.0	0.0	0.0
1034.0	0.0	0.0
1073.0	0.0	0.0
1112.0	0.0	0.0
1151.0	0.0	0.0
1190.0	0.0	0.0
1229.0	0.0	0.0
1268.0	0.0	0.0
1307.0	0.0	0.0
1346.0	0.0	0.0
1385.0	0.0	0.0
1424.0	0.0	0.0
1463.0	0.0	0.0
1502.0	0.0	0.0
1541.0	0.0	0.0
1580.0	0.0	0.0
1619.0	0.0	0.0
1658.0	0.0	0.0
1697.0	0.0	0.0
1736.0	0.0	0.0
1775.0	0.0	0.0
1814.0	0.0	0.0
1853.0	0.0	0.0
1892.0	0.0	0.0
1931.0	0.0	0.0
1970.0	0.0	0.0
2009.0	0.0	0.0
2048.0	0.0	0.0
2087.0	0.0	0.0
2126.0	0.0	0.0
2163.5	0.0	0.0
2183.0	0.0	0.0
2204.0	0.0	0.0
2243.0	0.0	0.0
2282.0	0.0	0.0
2321.0	0.0	0.0
2360.0	0.0	0.0
2399.0	0.0	0.0
2438.0	0.0	0.0
2477.0	0.0	0.0
2516.0	0.0	0.0
2555.0	0.0	0.0
2594.0	0.0	0.0
2633.0	0.0	0.0
2672.0	0.0	0.0
2711.0	0.0	0.0
2750.0	0.0	0.0
2789.0	0.0	0.0
2828.0	0.0	0.0
2867.0	0.0	0.0
2906.0	0.0	0.0
2945.0	0.0	0.0
2984.0	0.0	0.0
3023.0	0.0	0.0
3062.0	0.0	0.0
3101.0	0.0	0.0
3140.0	0.0	0.0
3179.0	0.0	0.0
3218.0	0.0	0.0
3257.0	0.0	0.0
3294.5	0.0	0.0
3314.0	44.333333333333336	5.446711546122738
3335.0	68.46153846153847	10.280676421924174
3374.0	100.87179487179488	15.19362214372051
3413.0	101.7948717948718	13.777536529456695
3452.0	120.61538461538461	12.719861311935407
3491.0	129.43589743589743	17.24558657773802
3530.0	129.66666666666666	15.333890736802806
3569.0	155.82051282051282	16.917598180744477
3608.0	141.82051282051282	17.89857464601505
3647.0	142.56410256410257	14.466583953444255
3686.0	147.33333333333334	19.291953949237186
3725.0	72.71794871794872	16.49864019260763
3764.0	98.84615384615384	13.7663655520555
3803.0	124.6923076923077	26.569212952646456
3842.0	141.97435897435898	29.471411614717432
3881.0	122.05128205128206	6.3204998179510055
3920.0	120.43589743589743	10.661457061146288
3959.0	153.0	16.651788230759205
3998.0	156.46153846153845	13.39919630196009
4037.0	124.12820512820512	37.853631739866614
4076.0	100.43589743589743	18.23844910185692
4115.0	121.51282051282051	13.418318898106472
4154.0	144.74358974358975	15.428910591849357
4193.0	158.97435897435898	18.07250355140048
4232.0	112.05128205128206	15.982362073107234
4271.0	117.71794871794872	13.507832485692848
4310.0	122.38461538461539	13.721590697949376
4349.0	149.56410256410257	15.7447589977566
4388.0	162.4102564102564	12.30176139149724
4427.0	148.6153846153846	14.737010795255875
4466.0	139.97435897435898	19.699017286435414
4505.0	129.25641025641025	11.920678005154011
4544.0	115.76923076923077	14.717859376124803
4583.0	114.64102564102564	12.968403416746657
4622.0	128.4102564102564	12.10424803582694
4661.0	128.64102564102564	14.412423415857209
4700.0	127.76923076923077	15.824356429575767
4739.0	137.43589743589743	12.101070094660983
4778.0	133.35897435897436	10.61687094759794
4817.0	138.87179487179486	15.938986230349824
4856.0	129.87179487179486	16.051200130863336
4895.0	137.6153846153846	14.031100985731415
4934.0	113.02564102564102	8.905486640700298
4973.0	102.0	5.149060158205605
5012.0	93.82051282051282	17.660618219570786
5051.0	72.61538461538461	9.655608175085064
5090.0	60.84615384615385	13.191877843038158
5124.5	35.4	11.509416434670642
5144.0	2.0	0.0
5168.0	1.8461538461538463	1.593255013631383
5207.0	2.0	0.0
5246.0	1.7692307692307692	1.5191090506254998
5285.0	1.0	0.0
5324.0	1.7435897435897436	1.6251232694862383
5363.0	3.41025641025641	1.8116432546313535
5402.0	4.564102564102564	2.253202848596432
5441.0	5.0	0.0
5480.0	4.410256410256411	2.063106942552968
5519.0	5.538461538461538	2.496150883013531
5558.0	4.871794871794871	2.9526172657404683
5597.0	6.846153846153846	3.3474061906389854
5636.0	6.282051282051282	1.9148542155126755
5675.0	6.743589743589744	3.1582208558552347
5714.0	6.6923076923076925	3.1173624617533195
5753.0	8.487179487179487	2.922064602034242
5792.0	8.897435897435898	3.905945500952396
5831.0	8.564102564102564	3.146019055478828
5870.0	8.64102564102564	3.3088846986134075
5909.0	6.923076923076923	3.594868137091668
5948.0	5.615384615384615	2.7080128015453204
5987.0	6.923076923076923	3.4641016151377544
6026.0	8.435897435897436	2.750291359856728
6065.0	8.512820512820513	2.9526172657404675
6104.0	9.564102564102564	3.724485853348738
6143.0	8.717948717948717	4.48358830654244
6182.0	11.487179487179487	3.3474061906389854
6221.0	11.666666666666666	4.082482904638629
6260.0	14.051282051282051	1.7246329970051535
6299.0	14.615384615384615	4.3794391398313985
6338.0	14.435897435897436	3.5554220060388944
6377.0	13.41025641025641	4.0
6416.0	8.153846153846153	2.2645540682891907
6455.0	7.9743589743589745	4.0446228945322416
6494.0	4.282051282051282	1.7759071354792608
6533.0	5.794871794871795	3.3626912299068294
6572.0	7.9743589743589745	3.843075691322091
6611.0	12.128205128205128	2.401922307076308
6650.0	13.025641025641026	0.8915558282417291
6689.0	14.076923076923077	1.7614096918559623
6728.0	8.871794871794872	4.254710813035841
6767.0	10.435897435897436	3.075961388174186
6806.0	9.743589743589743	3.7791601291889294
6845.0	10.384615384615385	3.0
6884.0	6.897435897435898	3.73479824739141
6923.0	10.23076923076923	2.73158167762534
6962.0	11.666666666666666	3.915780041490245
7001.0	12.076923076923077	1.3867504905630768
7040.0	9.948717948717949	4.68768162041312
7079.0	5.948717948717949	3.430631249381193
7118.0	9.35897435897436	2.708012801545319
7157.0	8.615384615384615	3.2581259360842107
7196.0	8.461538461538462	2.846500325410855
7235.0	7.487179487179487	3.0255323752764824
7274.0	8.666666666666666	3.3968311024337865
7313.0	8.461538461538462	2.9439202887759497
7352.0	6.461538461538462	2.5520228276448687
7391.0	7.717948717948718	3.6514837167011076
7430.0	9.871794871794872	4.175631381707134
7469.0	9.974358974358974	4.302652729749464
7508.0	9.025641025641026	0.800640769025432
7542.0	6.551724137931035	3.0738047859402147
7561.5	0.0	0.0
7586.0	0.0	0.0
7625.0	0.0	0.0
7664.0	0.0	0.0
7703.0	1.5897435897435896	1.775907135479261
7742.0	3.0	0.0
7781.0	3.0	0.0
7820.0	3.6153846153846154	1.8116432546313535
7859.0	0.6153846153846154	0.7844645405527362
7898.0	0.4358974358974359	0.6602252917735247
7937.0	1.435897435897436	1.4411533842457842
7976.0	5.384615384615385	2.2013981571160284
8015.0	5.794871794871795	2.991440781415863
8054.0	4.153846153846154	1.4763086328702337
8093.0	3.6923076923076925	2.2013981571160284
8132.0	1.4871794871794872	1.3867504905630728
8171.0	1.0	0.0
8210.0	0.07692307692307693	0.2773500981126146
8249.0	0.2564102564102564	0.7161148740394329
8288.0	3.4871794871794872	2.019139192062567
8327.0	0.05128205128205128	0.22645540682891915
8366.0	0.0	0.0
8405.0	0.0	0.0
8444.0	0.0	0.0
8483.0	0.0	0.0
8522.0	0.0	0.0
8561.0	0.0	0.0
8600.0	0.23076923076923078	0.4803844614152614
8639.0	1.5128205128205128	1.4322297480788657
8678.0	2.1025641025641026	0.7161148740394329
8717.0	0.15384615384615385	0.5547001962252291
8756.0	0.0	0.0
8795.0	0.0	0.0
8834.0	0.0	0.0
8873.0	36.02564102564103	10.771519903228194
8912.0	5.435897435897436	12.493075004854612
8951.0	1.0	0.9740215340114143
8990.0	1.0	0.0
9029.0	1.0	0.0
9068.0	0.7692307692307693	0.8770580193070292
9107.0	0.0	0.0
9146.0	0.0	0.0
9185.0	0.0	0.0
9224.0	0.0	0.0
9263.0	0.0	0.0
9302.0	0.9487179487179487	0.9740215340114143
9341.0	0.4358974358974359	0.6602252917735247
9380.0	0.0	0.0
9419.0	0.0	0.0
9458.0	0.0	0.0
9497.0	0.0	0.0
9536.0	0.0	0.0
9575.0	0.0	0.0
9614.0	0.0	0.0
9653.0	0.0	0.0
9692.0	0.0	0.0
9731.0	0.0	0.0
9770.0	0.0	0.0
9809.0	0.0	0.0
9848.0	0.0	0.0
9887.0	0.0	0.0
9926.0	0.0	0.0
9965.0	0.0	0.0
10004.0	0.0	0.0
10043.0	0.0	0.0
10082.0	0.0	0.0
10121.0	0.0	0.0
10160.0	0.0	0.0
10199.0	0.0	0.0
10238.0	0.0	0.0
10277.0	0.0	0.0
10316.0	0.0	0.0
10355.0	0.0	0.0
10394.0	0.0	0.0
10433.0	0.0	0.0
10472.0	0.0	0.0
10511.0	0.0	0.0
10550.0	0.0	0.0
10589.0	2.2564102564102564	2.0878156908535677
10628.0	0.0	0.0
10667.0	0.0	0.0
10706.0	0.0	0.0
10745.0	0.0	0.0
10784.0	0.0	0.0
10823.0	0.0	0.0
10862.0	0.0	0.0
10901.0	0.0	0.0
10938.0	0.0	0.0
10957.5	0.0	0.0
10979.0	0.4358974358974359	1.0741723110591492
11018.0	7.0	2.4703368398993897
11057.0	13.538461538461538	3.8263593193825427
11096.0	16.871794871794872	5.970010522689691
11135.0	24.46153846153846	6.2961119463543245
11174.0	34.02564102564103	1.577079416890426
11213.0	32.30769230769231	4.529108136578388
11252.0	33.53846153846154	6.158171556807824
11291.0	31.512820512820515	6.02132960868364
11330.0	29.358974358974358	5.163977794943219
11369.0	33.30769230769231	4.63542657014211
11408.0	32.92307692307692	7.874007874011811
11447.0	31.641025641025642	6.892954411050501
11486.0	29.28205128205128	4.160251471689213
11525.0	30.615384615384617	6.512315748660876
11564.0	29.53846153846154	6.082762530298219
11603.0	26.435897435897434	7.92755661261109
11642.0	30.974358974358974	11.965763125663447
11681.0	40.46153846153846	6.312380996593426
11720.0	51.48717948717949	7.640982619049415
11759.0	53.17948717948718	4.906824133482152
11798.0	41.48717948717949	8.859299040397014
11837.0	33.46153846153846	5.693000650821705
11876.0	28.256410256410255	4.607685886729833
11915.0	33.17948717948718	4.948452231473943
11954.0	34.46153846153846	5.86602560600074
11993.0	34.717948717948715	7.404087575151507
12032.0	30.76923076923077	6.902247868703763
12071.0	34.256410256410255	4.517771177279384
12110.0	34.46153846153846	6.05530070819499
12149.0	38.35897435897436	5.620475388233957
12188.0	42.58974358974359	7.946939420547145
12227.0	40.717948717948715	8.108242087135153
12266.0	42.23076923076923	5.045942772321003
12305.0	40.92307692307692	8.706025028385332
12344.0	32.56410256410256	4.893742734218669
12383.0	34.717948717948715	7.299455546960422
12422.0	35.84615384615385	8.3926096916214
12461.0	28.05128205128205	7.143223433831605
12500.0	29.0	1.3008872711759987
12539.0	29.307692307692307	5.218310955737429
12578.0	31.128205128205128	3.540969011225818
12617.0	35.58974358974359	6.926352501451171
12656.0	34.82051282051282	7.802037866595811
12695.0	47.43589743589744	8.157111102495874
12734.0	46.1025641025641	3.915780041490263
12773.0	33.8974358974359	8.786644877604203
12812.0	29.487179487179485	5.5677643628300215
12851.0	16.487179487179485	7.630908807656479
12890.0	22.205128205128204	3.202563076101746
12929.0	21.487179487179485	4.643716460347524
12968.0	28.615384615384617	6.793662204867577
13007.0	20.897435897435898	7.5396388405648365
13046.0	24.205128205128204	4.4491428157423565
13085.0	28.41025641025641	4.91987075085598
13124.0	32.333333333333336	5.0153610192932465
13163.0	33.76923076923077	7.203987499811184
13202.0	35.0	3.0382181012510086
13241.0	43.23076923076923	7.644337606091025
13280.0	31.615384615384617	6.7368104756342495
13319.0	34.92307692307692	8.45500913584246
13358.0	39.30769230769231	5.808923286082356
13397.0	38.1025641025641	3.210559500724504
13436.0	36.38461538461539	5.8769432138197
13475.0	33.56410256410256	6.381061723408474
13514.0	37.07692307692308	2.823890751137319
13553.0	29.205128205128204	5.382783571197992
13592.0	27.58974358974359	6.158171556807824
13631.0	24.76923076923077	7.369375299690759
13670.0	17.102564102564102	2.0
13709.0	22.76923076923077	6.381061723408474
13748.0	30.512820512820515	7.880518009786164
13787.0	32.94871794871795	8.483770327770483
13826.0	32.02564102564103	9.121684504801083
13865.0	20.384615384615383	4.085622069196768
13904.0	26.53846153846154	5.833150180274891
13943.0	30.76923076923077	7.114449002936534
13982.0	31.435897435897434	5.929067899244044
14021.0	32.8974358974359	7.734372167184156
14060.0	33.12820512820513	3.569816485982135
14099.0	31.025641025641026	2.423178671042422
14138.0	40.02564102564103	3.246299668616783
14177.0	44.69230769230769	8.125616347431198
14216.0	44.35897435897436	6.25115373966463
14255.0	46.1025641025641	3.8630398552276333
14294.0	38.35897435897436	5.565461254411793
14333.0	39.64102564102564	7.76084848652319
14372.0	43.30769230769231	5.505242256948588
14411.0	41.794871794871796	8.477723448650288
14450.0	35.58974358974359	6.776656765919085
14489.0	44.0	3.080126537527224
14528.0	43.8974358974359	9.13011360055144
14567.0	45.76923076923077	8.473185457363222
14606.0	48.1025641025641	3.727926487665231
14645.0	39.51282051282051	6.5983680966176355
14684.0	41.717948717948715	7.785588263926146
14723.0	41.92307692307692	8.866531712873108
14762.0	35.205128205128204	4.585372506748073
14801.0	30.512820512820515	6.0
14840.0	24.153846153846153	3.3435740128621623
14879.0	20.923076923076923	6.352871347585623
14918.0	23.923076923076923	6.957747940983237
14957.0	26.897435897435898	7.647691121324098
14996.0	34.38461538461539	5.2354805328886815
15035.0	34.205128205128204	4.0064051282018385
15074.0	22.94871794871795	8.462587347577847
15113.0	16.794871794871796	5.613628106030938
15152.0	8.333333333333334	3.6338861023879385
15191.0	0.05128205128205128	0.32025630761017426
15213.0	0.0	0.0
