#Coverage	Number of genomic locations
0.0	5922.0
1.0	477.0
2.0	187.0
3.0	220.0
4.0	235.0
5.0	212.0
6.0	296.0
7.0	186.0
8.0	386.0
9.0	364.0
10.0	224.0
11.0	161.0
12.0	143.0
13.0	96.0
14.0	135.0
15.0	91.0
16.0	17.0
17.0	63.0
18.0	49.0
19.0	63.0
20.0	42.0
21.0	113.0
22.0	76.0
23.0	80.0
24.0	67.0
25.0	62.0
26.0	54.0
27.0	102.0
28.0	168.0
29.0	186.0
30.0	162.0
31.0	142.0
32.0	270.0
33.0	339.0
34.0	269.0
35.0	237.0
36.0	161.0
37.0	142.0
38.0	102.0
39.0	150.0
40.0	110.0
41.0	132.0
42.0	155.0
43.0	89.0
44.0	113.0
45.0	69.0
46.0	57.0
47.0	67.0
48.0	53.0
49.0	28.0
50.0	19.0
51.0	14.0
52.0	16.0
53.0	30.0
54.0	12.0
55.0	21.0
61.0	6.0
62.0	11.0
63.0	7.0
64.0	8.0
65.0	6.0
66.0	7.0
67.0	5.0
68.0	3.0
69.0	22.0
70.0	7.0
71.0	5.0
72.0	15.0
73.0	15.0
74.0	3.0
75.0	6.0
76.0	5.0
77.0	5.0
78.0	5.0
80.0	2.0
81.0	2.0
82.0	6.0
83.0	3.0
84.0	4.0
85.0	12.0
86.0	3.0
87.0	5.0
88.0	7.0
89.0	3.0
90.0	1.0
91.0	5.0
92.0	7.0
93.0	6.0
94.0	12.0
95.0	6.0
96.0	18.0
97.0	3.0
98.0	7.0
99.0	9.0
100.0	6.0
101.0	13.0
102.0	10.0
103.0	27.0
104.0	27.0
105.0	30.0
106.0	18.0
107.0	12.0
108.0	18.0
109.0	17.0
110.0	15.0
111.0	15.0
112.0	42.0
113.0	43.0
114.0	17.0
115.0	20.0
116.0	20.0
117.0	27.0
118.0	18.0
119.0	12.0
120.0	33.0
121.0	34.0
122.0	46.0
123.0	31.0
124.0	38.0
125.0	36.0
126.0	22.0
127.0	23.0
128.0	18.0
129.0	24.0
130.0	24.0
131.0	35.0
132.0	20.0
133.0	38.0
134.0	15.0
135.0	32.0
136.0	31.0
137.0	21.0
138.0	17.0
139.0	21.0
140.0	29.0
141.0	31.0
142.0	36.0
143.0	18.0
144.0	19.0
145.0	26.0
146.0	17.0
147.0	18.0
148.0	17.0
149.0	31.0
150.0	17.0
151.0	15.0
152.0	29.0
153.0	6.0
154.0	20.0
155.0	16.0
156.0	33.0
157.0	16.0
158.0	16.0
159.0	23.0
160.0	13.0
161.0	17.0
162.0	12.0
163.0	23.0
164.0	17.0
165.0	5.0
166.0	7.0
167.0	7.0
168.0	2.0
169.0	5.0
172.0	1.0
173.0	1.0
178.0	1.0
181.0	1.0
182.0	1.0
184.0	4.0
185.0	1.0
