#Insert size (bp)	insert size
19.0	2.0
24.0	1.0
30.0	1.0
31.0	1.0
33.0	2.0
35.0	3.0
36.0	2.0
37.0	1.0
39.0	2.0
42.0	4.0
43.0	2.0
44.0	1.0
45.0	2.0
46.0	2.0
47.0	1.0
48.0	1.0
50.0	1.0
51.0	1.0
52.0	2.0
53.0	1.0
55.0	3.0
56.0	1.0
57.0	1.0
58.0	1.0
59.0	1.0
60.0	3.0
61.0	5.0
62.0	2.0
63.0	1.0
64.0	1.0
65.0	1.0
66.0	1.0
67.0	2.0
69.0	2.0
70.0	1.0
72.0	4.0
74.0	1.0
75.0	3.0
76.0	2.0
77.0	2.0
78.0	3.0
81.0	3.0
83.0	4.0
84.0	1.0
85.0	5.0
86.0	2.0
87.0	2.0
88.0	3.0
89.0	1.0
90.0	2.0
91.0	4.0
92.0	4.0
93.0	4.0
94.0	2.0
97.0	1.0
98.0	1.0
100.0	3.0
101.0	1.0
103.0	1.0
104.0	2.0
106.0	2.0
107.0	2.0
110.0	2.0
112.0	4.0
113.0	2.0
114.0	3.0
115.0	4.0
116.0	1.0
117.0	1.0
118.0	3.0
119.0	2.0
120.0	2.0
121.0	5.0
122.0	1.0
123.0	3.0
124.0	2.0
125.0	5.0
127.0	6.0
128.0	3.0
129.0	1.0
131.0	2.0
132.0	3.0
133.0	2.0
134.0	4.0
135.0	3.0
136.0	2.0
137.0	2.0
138.0	1.0
139.0	1.0
140.0	1.0
141.0	1.0
142.0	2.0
143.0	3.0
144.0	1.0
145.0	5.0
146.0	4.0
147.0	3.0
148.0	4.0
149.0	4.0
150.0	1.0
151.0	5.0
152.0	5.0
153.0	1.0
155.0	3.0
156.0	1.0
157.0	5.0
158.0	2.0
159.0	3.0
160.0	2.0
161.0	3.0
162.0	3.0
163.0	1.0
164.0	3.0
165.0	3.0
166.0	2.0
167.0	3.0
168.0	1.0
169.0	3.0
170.0	2.0
171.0	1.0
172.0	1.0
173.0	3.0
174.0	3.0
175.0	3.0
176.0	4.0
177.0	4.0
178.0	6.0
179.0	4.0
180.0	6.0
181.0	2.0
182.0	4.0
183.0	1.0
184.0	6.0
185.0	3.0
186.0	3.0
187.0	4.0
189.0	4.0
190.0	2.0
191.0	4.0
192.0	3.0
193.0	2.0
194.0	2.0
195.0	7.0
196.0	6.0
197.0	6.0
198.0	9.0
199.0	3.0
200.0	1.0
201.0	7.0
202.0	1.0
203.0	5.0
204.0	3.0
205.0	1.0
207.0	2.0
208.0	5.0
209.0	7.0
210.0	2.0
211.0	3.0
212.0	4.0
213.0	3.0
214.0	2.0
215.0	3.0
216.0	2.0
217.0	6.0
218.0	3.0
219.0	3.0
220.0	4.0
221.0	4.0
222.0	10.0
223.0	3.0
224.0	1.0
226.0	2.0
227.0	1.0
228.0	4.0
229.0	6.0
230.0	4.0
231.0	2.0
233.0	2.0
234.0	10.0
235.0	3.0
236.0	2.0
237.0	5.0
238.0	3.0
239.0	3.0
240.0	2.0
241.0	4.0
242.0	8.0
243.0	1.0
244.0	4.0
245.0	3.0
246.0	2.0
247.0	8.0
248.0	2.0
249.0	3.0
250.0	3.0
251.0	6.0
252.0	4.0
253.0	7.0
254.0	6.0
255.0	4.0
256.0	3.0
257.0	1.0
258.0	4.0
259.0	2.0
260.0	2.0
261.0	6.0
262.0	4.0
263.0	4.0
264.0	2.0
265.0	3.0
266.0	3.0
267.0	4.0
268.0	4.0
269.0	2.0
270.0	4.0
271.0	5.0
272.0	4.0
273.0	5.0
274.0	6.0
275.0	5.0
276.0	1.0
277.0	2.0
278.0	8.0
279.0	4.0
280.0	2.0
281.0	3.0
283.0	5.0
284.0	7.0
285.0	1.0
286.0	5.0
287.0	5.0
288.0	7.0
289.0	8.0
290.0	2.0
291.0	5.0
292.0	3.0
293.0	5.0
294.0	7.0
295.0	2.0
296.0	5.0
297.0	1.0
298.0	3.0
299.0	7.0
300.0	3.0
301.0	3.0
302.0	5.0
303.0	5.0
304.0	3.0
305.0	4.0
306.0	3.0
307.0	6.0
308.0	2.0
309.0	1.0
310.0	3.0
311.0	3.0
312.0	2.0
313.0	4.0
314.0	9.0
315.0	4.0
316.0	6.0
317.0	6.0
318.0	4.0
319.0	6.0
320.0	2.0
321.0	2.0
322.0	4.0
323.0	4.0
324.0	3.0
325.0	4.0
326.0	4.0
327.0	3.0
328.0	7.0
329.0	8.0
330.0	5.0
331.0	5.0
332.0	3.0
333.0	2.0
334.0	3.0
335.0	5.0
336.0	3.0
337.0	5.0
338.0	3.0
339.0	7.0
340.0	6.0
341.0	4.0
342.0	5.0
343.0	1.0
344.0	1.0
345.0	7.0
346.0	9.0
347.0	5.0
348.0	4.0
349.0	4.0
350.0	5.0
351.0	6.0
352.0	3.0
353.0	4.0
354.0	3.0
356.0	2.0
357.0	3.0
358.0	4.0
359.0	2.0
360.0	2.0
361.0	3.0
362.0	2.0
363.0	2.0
364.0	2.0
365.0	3.0
366.0	2.0
368.0	6.0
370.0	3.0
372.0	3.0
373.0	3.0
374.0	5.0
375.0	2.0
376.0	3.0
377.0	3.0
378.0	3.0
379.0	4.0
380.0	1.0
382.0	3.0
383.0	7.0
384.0	3.0
386.0	3.0
387.0	4.0
388.0	8.0
389.0	6.0
390.0	4.0
391.0	4.0
392.0	8.0
393.0	7.0
394.0	7.0
395.0	5.0
396.0	3.0
397.0	9.0
398.0	6.0
399.0	9.0
400.0	3.0
401.0	1.0
402.0	4.0
404.0	4.0
405.0	4.0
406.0	4.0
407.0	1.0
408.0	2.0
409.0	2.0
410.0	2.0
411.0	10.0
412.0	4.0
413.0	4.0
414.0	2.0
415.0	2.0
416.0	2.0
417.0	2.0
418.0	3.0
420.0	3.0
421.0	3.0
422.0	2.0
423.0	1.0
424.0	1.0
425.0	5.0
426.0	2.0
427.0	3.0
428.0	2.0
429.0	3.0
430.0	6.0
431.0	1.0
433.0	3.0
434.0	2.0
435.0	3.0
436.0	2.0
437.0	3.0
438.0	2.0
439.0	4.0
440.0	2.0
441.0	3.0
442.0	1.0
443.0	2.0
444.0	2.0
445.0	2.0
446.0	3.0
447.0	2.0
448.0	2.0
449.0	4.0
450.0	1.0
451.0	4.0
452.0	1.0
453.0	1.0
454.0	1.0
455.0	1.0
456.0	2.0
457.0	2.0
458.0	3.0
459.0	1.0
460.0	2.0
461.0	1.0
462.0	3.0
463.0	1.0
464.0	2.0
465.0	3.0
467.0	6.0
468.0	1.0
469.0	2.0
470.0	2.0
471.0	1.0
472.0	2.0
473.0	1.0
474.0	1.0
478.0	3.0
480.0	1.0
485.0	1.0
486.0	2.0
488.0	4.0
489.0	1.0
490.0	4.0
491.0	1.0
493.0	2.0
498.0	3.0
499.0	1.0
500.0	2.0
501.0	3.0
503.0	2.0
507.0	1.0
508.0	1.0
510.0	1.0
511.0	1.0
512.0	1.0
515.0	1.0
517.0	1.0
520.0	1.0
521.0	1.0
524.0	3.0
529.0	3.0
530.0	2.0
533.0	2.0
536.0	1.0
538.0	1.0
539.0	1.0
540.0	1.0
542.0	1.0
544.0	1.0
546.0	3.0
548.0	1.0
549.0	2.0
552.0	2.0
555.0	1.0
558.0	1.0
560.0	1.0
567.0	1.0
568.0	1.0
569.0	1.0
581.0	1.0
591.0	1.0
593.0	1.0
594.0	1.0
597.0	1.0
606.0	2.0
608.0	1.0
620.0	1.0
622.0	1.0
625.0	1.0
626.0	1.0
628.0	1.0
631.0	2.0
642.0	2.0
653.0	1.0
661.0	1.0
666.0	1.0
687.0	1.0
709.0	1.0
756.0	1.0
