# Position (bp)	A	C	G	T	N
0.0	36.01423487544484	16.619217081850536	29.145907473309606	18.22064056939502	0.0
1.0	26.83274021352313	15.480427046263346	13.060498220640572	44.62633451957295	0.0
2.0	35.478137220049774	13.544258798435834	10.80696765019552	40.170636331318875	0.0
3.0	27.175843694493786	14.24511545293073	7.673179396092363	50.90586145648312	0.0
4.0	43.156028368794324	7.340425531914893	7.198581560283689	42.304964539007095	0.0
5.0	51.733899504600146	8.9171974522293	15.392781316348195	23.956121726822364	0.0
6.0	36.89423417049876	10.328970640254687	15.21047046338875	37.5663247258578	0.0
7.0	40.71453837990803	15.988680580120269	15.634948708878671	27.661832331093034	0.0
8.0	19.915104350902016	26.388397594623275	17.262115316590023	36.43438273788468	0.0
9.0	33.015199717214564	13.361611876988336	8.342170378225521	45.28101802757158	0.0
10.0	32.06079886885826	9.6147048427006	21.138211382113823	37.18628490632732	0.0
11.0	29.232944503358077	14.987628137150939	10.569105691056912	45.21032166843408	0.0
12.0	32.120141342756185	15.19434628975265	17.385159010600706	35.300353356890454	0.0
13.0	32.403812213201554	18.4256971408401	12.213201553123897	36.95728909283445	0.0
14.0	41.63726182074806	14.784756527875794	14.89061397318278	28.687367678193365	0.0
15.0	44.97354497354497	10.088183421516755	12.627865961199294	32.310405643738974	0.0
16.0	42.101551480959095	10.507757404795488	10.190409026798307	37.20028208744711	0.0
17.0	37.75114557631301	13.570673246387027	11.49101163200564	37.187169545294324	0.0
18.0	39.76031018681706	10.186817060274938	11.808248149453648	38.244624603454355	0.0
19.0	37.20437698552771	12.91916696081892	12.989763501588422	36.88669255206495	0.0
20.0	38.27683615819209	11.475988700564972	11.61723163841808	38.62994350282486	0.0
21.0	38.43441466854725	12.270803949224259	11.671368124118477	37.62341325811002	0.0
22.0	37.68167316554413	13.25771003190358	11.343495214462957	37.71712158808933	0.0
23.0	41.495393338058115	10.985116938341601	12.508858965272857	35.01063075832743	0.0
24.0	37.78801843317972	12.72598369372563	12.194257355547679	37.29174051754697	0.0
25.0	35.32955350815025	12.36711552090716	13.394755492558469	38.90857547838412	0.0
26.0	38.70967741935484	11.343495214462957	13.045019496632401	36.901807869549806	0.0
27.0	34.822695035460995	10.070921985815604	13.794326241134753	41.312056737588655	0.0
28.0	38.70166725789287	10.961333806314295	13.62185172046825	36.715147215324585	0.0
29.0	35.67375886524823	9.964539007092199	13.617021276595745	40.74468085106383	0.0
30.0	38.687943262411345	12.304964539007091	10.886524822695035	38.12056737588653	0.0
31.0	36.2087326943557	12.105076322328719	11.892083777067802	39.79410720624778	0.0
32.0	39.57371225577265	11.687388987566608	10.266429840142095	38.47246891651865	0.0
33.0	41.31054131054131	12.037037037037036	11.609686609686609	35.04273504273504	0.0
34.0	39.77880841955048	9.061719586157688	10.48876204067071	40.67070995362112	0.0
35.0	38.263665594855304	13.25473383351197	11.504108610217935	36.97749196141479	0.0
36.0	38.35125448028674	11.32616487455197	12.724014336917563	37.598566308243726	0.0
37.0	36.53362099964041	11.794318590435095	12.046026609133405	39.626033800791085	0.0
38.0	38.01652892561984	10.67193675889328	11.17499101688825	40.13654329859864	0.0
39.0	37.41447605329492	9.650702196615052	11.487216420597768	41.44760532949226	0.0
40.0	36.51422398271516	12.639539070939861	11.163125675189054	39.68311127115592	0.0
41.0	36.43914770675334	12.459371614301192	13.434452871072589	37.66702780787288	0.0
42.0	39.7463768115942	9.601449275362318	11.847826086956522	38.80434782608695	0.0
43.0	38.85859687386405	10.977826245001818	12.72264631043257	37.44093057070156	0.0
44.0	37.77292576419214	9.097525473071325	11.426491994177583	41.70305676855895	0.0
45.0	37.15846994535519	11.693989071038251	11.293260473588344	39.854280510018214	0.0
46.0	36.49981731823164	12.751187431494337	12.385823894775301	38.36317135549872	0.0
47.0	38.227755400952034	13.255217868912487	10.435737824972538	38.08128890516295	0.0
48.0	36.06016140865737	12.068965517241379	12.362435803374908	39.50843727072634	0.0
49.0	35.37614678899082	11.743119266055047	12.110091743119266	40.77064220183486	0.0
50.0	37.41271591326718	14.626975376699743	11.245865490628445	36.71444321940463	0.0
51.0	36.86534216335541	11.810154525386315	11.626195732155997	39.698307579102284	0.0
52.0	36.61141804788214	12.007366482504604	13.664825046040516	37.71639042357274	0.0
53.0	38.436001475470306	13.500553301364809	11.729988933972704	36.33345628919218	0.0
54.0	37.51846381093058	12.518463810930577	13.293943870014772	36.669128508124075	0.0
55.0	39.27514792899408	11.020710059171597	10.133136094674557	39.571005917159766	0.0
56.0	41.54017030729359	11.995557201036654	10.9959274342836	35.46834505738615	0.0
57.0	40.57058169692478	11.226380140792887	10.263060392738051	37.93997776954428	0.0
58.0	40.074074074074076	11.518518518518519	12.74074074074074	35.66666666666667	0.0
59.0	37.638786084381934	12.32420429311621	11.324944485566247	38.7120651369356	0.0
60.0	37.95024136650576	11.88265874489417	12.92239138507241	37.24470850352766	0.0
61.0	39.08345752608048	13.450074515648286	10.618479880774963	36.847988077496275	0.0
62.0	37.58389261744966	12.639821029082773	12.639821029082773	37.13646532438479	0.0
63.0	38.49887976101568	12.696041822255413	13.032113517550412	35.77296489917849	0.0
64.0	37.59820426487093	11.26075570520015	12.083800972689861	39.05723905723906	0.0
65.0	36.145481814773156	13.048368953880765	13.048368953880765	37.75778027746532	0.0
66.0	37.1996996996997	13.138138138138139	12.34984984984985	37.312312312312315	0.0
67.0	34.38556933483653	15.70838030815483	11.537016159338595	38.36903419767005	0.0
68.0	38.91810668670173	11.119459053343352	12.396694214876034	37.56574004507889	0.0
69.0	34.51394122079879	12.660135644310474	14.393368500376791	38.43255463451394	0.0
70.0	37.731568998109644	11.833648393194707	11.758034026465028	38.67674858223062	0.0
71.0	37.925813777441334	11.922785768357306	14.269492808478427	35.88190764572294	0.0
72.0	39.5516717325228	13.069908814589665	11.246200607902736	36.132218844984806	0.0
73.0	39.5516717325228	10.67629179331307	12.993920972644377	36.77811550151976	0.0
74.0	39.10232027386839	10.193990110308102	14.606314187904147	36.09737542791936	0.0
75.0	34.78260869565217	11.594202898550725	13.386727688787186	40.23646071700991	0.0
76.0	39.32670237184392	11.361897475133894	15.876052027543993	33.43534812547819	0.0
77.0	37.26016884113584	12.81657712970069	11.703760552570989	38.21949347659248	0.0
78.0	40.25423728813559	12.98151001540832	13.020030816640988	33.7442218798151	0.0
79.0	38.030888030888036	11.389961389961389	14.594594594594595	35.98455598455598	0.0
80.0	37.442040185471406	11.360123647604329	12.75115919629057	38.44667697063369	0.0
81.0	41.31782945736434	13.953488372093023	13.217054263565892	31.51162790697675	0.0
82.0	36.40946103140752	13.144629701434665	12.02016285381931	38.4257464133385	0.0
83.0	37.641105488516935	12.806539509536785	11.210587777345271	38.341767224601014	0.0
84.0	35.17940717628705	12.285491419656786	12.558502340093602	39.97659906396256	0.0
85.0	37.68627450980392	13.843137254901961	11.372549019607844	37.09803921568627	0.0
86.0	35.857988165680474	12.6232741617357	13.964497041420119	37.55424063116371	0.0
87.0	37.02094033978665	10.707230343737653	15.211378901619913	37.06045041485579	0.0
88.0	37.33650416171225	13.000396353547364	13.594926674593738	36.06817281014665	0.0
89.0	39.88875645609853	12.832737385776719	10.846245530393325	36.43226062773143	0.0
90.0	38.078149920255186	12.998405103668262	13.35725677830941	35.56618819776715	0.0
91.0	34.52332657200811	11.643002028397566	13.914807302231239	39.918864097363084	0.0
92.0	35.21986970684039	12.092833876221498	13.477198697068404	39.21009771986971	0.0
93.0	38.95253682487725	12.888707037643208	12.520458265139117	35.638297872340424	0.0
94.0	38.42364532019704	11.986863711001643	11.617405582922824	37.97208538587849	0.0
95.0	39.3429158110883	13.963039014373715	11.04722792607803	35.64681724845996	0.0
96.0	35.36434746809387	13.091807328118568	13.66817620419926	37.87566899958831	0.0
97.0	36.479802143446	14.138499587798844	12.943116240725475	36.43858202802968	0.0
98.0	38.44563869367507	12.608515915667631	11.409673418768087	37.53617197188921	0.0
99.0	36.848635235732004	12.448304383788255	11.9520264681555	38.75103391232423	0.0
100.0	38.14262023217247	12.354892205638475	12.189054726368159	37.3134328358209	0.0
101.0	34.398340248962654	10.91286307053942	11.659751037344398	43.02904564315353	0.0
102.0	34.44121312837557	13.128375571250519	13.917739925218115	38.51267137515579	0.0
103.0	37.73898586866168	10.224438902743142	9.019118869492933	43.01745635910225	0.0
104.0	34.194085797584336	11.99500208246564	12.328196584756352	41.48271553519367	0.0
105.0	34.82068390325271	12.718932443703086	13.844870725604672	38.61551292743953	0.0
106.0	38.83779264214047	11.998327759197325	12.5	36.663879598662206	0.0
107.0	37.60469011725293	12.479061976549414	11.097152428810722	38.81909547738693	0.0
108.0	36.64570230607966	13.081761006289309	10.69182389937107	39.58071278825996	0.0
109.0	37.2161480235492	11.648444070647603	11.816652649285112	39.31875525651808	0.0
110.0	33.782645324347094	12.468407750631846	11.962931760741364	41.786015164279696	0.0
111.0	35.976381273724165	13.116828342471532	12.273302404048925	38.63348797975538	0.0
112.0	38.30508474576271	12.288135593220339	11.610169491525424	37.79661016949152	0.0
113.0	37.57961783439491	12.86624203821656	12.86624203821656	36.68789808917197	0.0
114.0	35.72037510656437	13.128729752770674	12.617220801364024	38.53367433930094	0.0
115.0	36.18477331052181	12.874251497005988	13.301967493584261	37.63900769888794	0.0
116.0	36.640893470790374	11.554982817869416	13.831615120274915	37.97250859106529	0.0
117.0	36.599050496331465	12.904618040569702	13.724643936124298	36.77168752697453	0.0
118.0	36.769164140320484	12.126461671719358	12.299696838458207	38.80467734950195	0.0
119.0	35.245545415036936	11.994784876140809	11.21251629726206	41.54715341156019	0.0
120.0	36.22115803221593	12.929908576404006	10.361340879407924	40.48759251197214	0.0
121.0	35.92997811816193	12.25382932166302	13.172866520787746	38.64332603938731	0.0
122.0	35.1493848857645	14.015817223198592	12.082601054481547	38.752196836555356	0.0
123.0	36.844424856765094	13.61833406787131	14.191273688849716	35.345967386513884	0.0
124.0	36.61660777385159	13.29505300353357	11.925795053003533	38.16254416961131	0.0
125.0	38.266666666666666	12.133333333333333	14.133333333333335	35.46666666666667	0.0
126.0	38.24577025823687	11.84327693677649	13.089937666963491	36.82101513802315	0.0
127.0	38.46842812360054	10.927004030452306	12.58396775638155	38.02060008956561	0.0
128.0	41.19496855345912	12.758310871518418	12.443845462713387	33.60287511230907	0.0
129.0	38.91891891891892	11.441441441441441	13.153153153153152	36.486486486486484	0.0
130.0	35.15342960288809	11.958483754512637	12.274368231046932	40.61371841155235	0.0
131.0	36.36363636363637	13.387607417458163	14.111261872455902	36.13749434644957	0.0
132.0	35.60399636693914	11.716621253405995	14.66848319709355	38.01089918256131	0.0
133.0	37.62511373976342	13.466787989080983	13.603275705186531	35.30482256596906	0.0
134.0	39.75297346752058	10.430009149130832	13.54071363220494	36.276303751143644	0.0
135.0	38.2339343504392	11.326860841423949	10.448451225150254	39.99075358298659	0.0
136.0	34.04651162790698	13.116279069767442	12.604651162790697	40.23255813953489	0.0
137.0	36.30424638357443	14.465702286514231	12.179188054129725	37.050863275781616	0.0
138.0	36.37213651238897	12.716222533894342	12.342215988779802	38.569424964936886	0.0
139.0	38.80807132801502	14.641013608634443	11.496949788831534	35.05396527451901	0.0
140.0	39.66981132075472	13.632075471698112	11.415094339622641	35.283018867924525	0.0
141.0	38.90203502129673	12.872692853762423	11.452910553715096	36.77236157122575	0.0
142.0	37.571157495256166	13.377609108159394	12.571157495256166	36.48007590132828	0.0
143.0	36.84461391801716	15.681601525262154	12.63107721639657	34.84270734032412	0.0
144.0	34.70560076591671	14.60028721876496	12.876974629009094	37.81713738630924	0.0
145.0	36.20106331561141	13.436442725954567	13.629772837119381	36.73272112131464	0.0
146.0	35.1258016773557	14.50419338924519	12.92550567340898	37.44449925999013	0.0
147.0	35.79866461222394	12.686183872624552	11.864406779661017	39.6507447354905	0.0
148.0	32.47311827956989	17.526881720430108	13.494623655913978	36.505376344086024	0.0
149.0	34.994337485843715	18.176670441676105	10.702151755379388	36.12684031710079	0.0
150.0	25.041736227045075	15.609348914858096	12.353923205342237	46.99499165275459	0.0
