#Coverage	Number of genomic locations
0.0	1668.0
1.0	81.0
2.0	3.0
3.0	18.0
4.0	66.0
5.0	92.0
6.0	97.0
7.0	106.0
8.0	113.0
9.0	237.0
10.0	163.0
11.0	254.0
12.0	177.0
13.0	194.0
14.0	209.0
15.0	192.0
16.0	97.0
17.0	90.0
18.0	77.0
19.0	66.0
20.0	63.0
21.0	51.0
22.0	38.0
23.0	75.0
24.0	41.0
25.0	77.0
26.0	43.0
27.0	31.0
28.0	14.0
29.0	2.0
30.0	1.0
33.0	2.0
38.0	2.0
40.0	1.0
42.0	3.0
46.0	1.0
49.0	1.0
52.0	3.0
55.0	1.0
58.0	2.0
59.0	1.0
62.0	2.0
67.0	7.0
68.0	3.0
69.0	4.0
71.0	1.0
72.0	1.0
73.0	2.0
74.0	1.0
75.0	6.0
76.0	17.0
77.0	3.0
80.0	1.0
81.0	7.0
85.0	1.0
89.0	1.0
100.0	2.0
106.0	1.0
112.0	1.0
122.0	1.0
123.0	1.0
125.0	1.0
129.0	1.0
134.0	1.0
135.0	1.0
137.0	1.0
140.0	2.0
141.0	10.0
142.0	8.0
143.0	4.0
144.0	2.0
157.0	1.0
166.0	1.0
176.0	1.0
185.0	1.0
186.0	1.0
285.0	1.0
287.0	1.0
289.0	1.0
297.0	1.0
299.0	1.0
304.0	1.0
314.0	1.0
321.0	1.0
345.0	1.0
348.0	1.0
354.0	1.0
355.0	1.0
358.0	1.0
369.0	1.0
372.0	1.0
400.0	1.0
401.0	2.0
406.0	2.0
407.0	1.0
414.0	1.0
430.0	1.0
433.0	2.0
440.0	1.0
451.0	1.0
454.0	2.0
456.0	1.0
460.0	1.0
461.0	1.0
463.0	3.0
465.0	1.0
466.0	2.0
467.0	2.0
468.0	1.0
469.0	2.0
470.0	4.0
471.0	5.0
528.0	1.0
534.0	1.0
539.0	1.0
544.0	1.0
546.0	1.0
552.0	1.0
554.0	2.0
555.0	1.0
557.0	1.0
559.0	1.0
560.0	1.0
561.0	1.0
579.0	1.0
588.0	1.0
595.0	1.0
596.0	4.0
597.0	6.0
598.0	6.0
603.0	1.0
609.0	1.0
621.0	1.0
625.0	1.0
658.0	1.0
663.0	1.0
664.0	1.0
668.0	1.0
670.0	1.0
673.0	1.0
696.0	1.0
702.0	1.0
711.0	1.0
719.0	1.0
748.0	1.0
761.0	2.0
766.0	1.0
775.0	1.0
790.0	1.0
794.0	1.0
804.0	1.0
846.0	1.0
850.0	1.0
853.0	1.0
865.0	1.0
869.0	1.0
885.0	1.0
895.0	1.0
897.0	1.0
905.0	1.0
913.0	1.0
933.0	1.0
943.0	2.0
948.0	2.0
953.0	1.0
956.0	1.0
965.0	1.0
966.0	1.0
968.0	2.0
971.0	1.0
976.0	1.0
995.0	1.0
1001.0	1.0
1013.0	1.0
1019.0	1.0
1024.0	1.0
1025.0	1.0
1030.0	1.0
1031.0	1.0
1039.0	1.0
1040.0	1.0
1044.0	1.0
1055.0	1.0
1058.0	1.0
1065.0	1.0
1067.0	1.0
1076.0	5.0
1077.0	3.0
1079.0	1.0
1085.0	1.0
1086.0	1.0
1089.0	1.0
1094.0	2.0
1097.0	1.0
1100.0	1.0
1115.0	1.0
1135.0	1.0
1138.0	1.0
1150.0	1.0
1152.0	1.0
1154.0	3.0
1159.0	1.0
1168.0	1.0
1194.0	1.0
1195.0	1.0
1197.0	1.0
1199.0	2.0
1306.0	1.0
1322.0	1.0
1324.0	2.0
1335.0	1.0
1342.0	1.0
1351.0	3.0
1357.0	1.0
1368.0	1.0
1385.0	1.0
1386.0	1.0
1407.0	1.0
1411.0	1.0
1413.0	1.0
1415.0	1.0
1416.0	1.0
1419.0	1.0
1422.0	1.0
1435.0	1.0
1438.0	1.0
1441.0	1.0
1469.0	1.0
1471.0	1.0
1473.0	1.0
1484.0	2.0
1506.0	1.0
1524.0	1.0
1526.0	1.0
1540.0	1.0
1544.0	2.0
1546.0	1.0
1567.0	1.0
1572.0	1.0
1573.0	2.0
1584.0	1.0
1585.0	1.0
1604.0	1.0
1634.0	2.0
1637.0	1.0
1643.0	1.0
1651.0	1.0
1658.0	1.0
1660.0	1.0
1681.0	1.0
1687.0	1.0
1688.0	1.0
1691.0	1.0
1709.0	1.0
1710.0	1.0
1711.0	2.0
1712.0	1.0
1740.0	3.0
1741.0	1.0
1750.0	1.0
1759.0	1.0
1774.0	1.0
1780.0	1.0
1783.0	1.0
1791.0	1.0
1794.0	1.0
1799.0	1.0
1800.0	1.0
1801.0	3.0
1808.0	1.0
1816.0	1.0
1817.0	1.0
1827.0	1.0
1828.0	1.0
1829.0	2.0
1830.0	1.0
1832.0	1.0
1833.0	1.0
1836.0	1.0
1842.0	1.0
1845.0	1.0
1846.0	1.0
1851.0	2.0
1853.0	3.0
1854.0	1.0
1857.0	1.0
1858.0	1.0
1859.0	3.0
1860.0	1.0
1861.0	1.0
1863.0	1.0
1864.0	2.0
1866.0	4.0
1867.0	2.0
1870.0	1.0
1872.0	1.0
1877.0	1.0
1880.0	1.0
1881.0	1.0
1882.0	2.0
1886.0	1.0
1888.0	1.0
1889.0	1.0
1892.0	1.0
1896.0	1.0
1899.0	1.0
1910.0	2.0
1912.0	1.0
1915.0	1.0
1923.0	1.0
1926.0	1.0
1929.0	1.0
1934.0	2.0
1938.0	1.0
1939.0	1.0
1946.0	2.0
1948.0	3.0
1949.0	1.0
1951.0	1.0
1952.0	1.0
1953.0	2.0
1954.0	1.0
1956.0	2.0
1958.0	2.0
1960.0	1.0
1962.0	1.0
1965.0	1.0
1973.0	1.0
1974.0	3.0
1976.0	1.0
1979.0	1.0
1980.0	1.0
1982.0	1.0
1983.0	2.0
1984.0	1.0
1986.0	3.0
1987.0	2.0
1991.0	2.0
1993.0	3.0
1995.0	1.0
1996.0	1.0
1999.0	1.0
2000.0	3.0
2001.0	1.0
2002.0	2.0
2003.0	1.0
2005.0	1.0
2006.0	1.0
2007.0	1.0
2008.0	1.0
2009.0	1.0
2018.0	1.0
2019.0	2.0
2020.0	1.0
2022.0	5.0
2023.0	2.0
2024.0	1.0
2025.0	1.0
2026.0	1.0
2027.0	1.0
2028.0	1.0
2029.0	1.0
2032.0	2.0
2034.0	1.0
2035.0	2.0
2036.0	1.0
2042.0	1.0
2047.0	1.0
2048.0	1.0
2051.0	1.0
2054.0	1.0
2055.0	1.0
2058.0	2.0
2059.0	1.0
2061.0	1.0
2062.0	1.0
2064.0	3.0
2065.0	2.0
2066.0	1.0
2073.0	1.0
2074.0	1.0
2075.0	1.0
2076.0	1.0
2077.0	1.0
2078.0	1.0
2086.0	1.0
2087.0	2.0
2089.0	1.0
2093.0	2.0
2100.0	1.0
2101.0	3.0
2102.0	1.0
2105.0	1.0
2107.0	3.0
2108.0	3.0
2110.0	1.0
2113.0	1.0
2118.0	2.0
2120.0	1.0
2121.0	2.0
2124.0	1.0
2127.0	1.0
2128.0	1.0
2137.0	1.0
2139.0	1.0
2140.0	2.0
2141.0	2.0
2143.0	3.0
2144.0	1.0
2145.0	2.0
2146.0	1.0
2147.0	1.0
2150.0	1.0
2151.0	1.0
2153.0	1.0
2154.0	1.0
2155.0	2.0
2158.0	1.0
2164.0	1.0
2165.0	1.0
2166.0	3.0
2167.0	1.0
2169.0	2.0
2170.0	5.0
2172.0	1.0
2174.0	1.0
2175.0	2.0
2176.0	1.0
2177.0	1.0
2178.0	1.0
2179.0	1.0
2181.0	1.0
2182.0	3.0
2185.0	1.0
2186.0	1.0
2187.0	1.0
2188.0	2.0
2191.0	1.0
2192.0	1.0
2193.0	1.0
2196.0	1.0
2197.0	1.0
2198.0	1.0
2200.0	1.0
2205.0	1.0
2206.0	1.0
2208.0	1.0
2212.0	1.0
2213.0	1.0
2215.0	1.0
2219.0	1.0
2220.0	1.0
2222.0	1.0
2225.0	2.0
2229.0	1.0
2235.0	1.0
2238.0	1.0
2239.0	1.0
2240.0	1.0
2242.0	1.0
2243.0	1.0
2249.0	1.0
2255.0	2.0
2257.0	1.0
2258.0	1.0
2259.0	1.0
2266.0	2.0
2267.0	1.0
2268.0	1.0
2269.0	1.0
2270.0	2.0
2271.0	2.0
2272.0	1.0
2273.0	1.0
2276.0	2.0
2277.0	1.0
2279.0	1.0
2280.0	1.0
2281.0	2.0
2282.0	3.0
2283.0	1.0
2284.0	1.0
2285.0	2.0
2287.0	1.0
2289.0	1.0
2290.0	3.0
2291.0	2.0
2292.0	1.0
2294.0	2.0
2295.0	1.0
2296.0	1.0
2299.0	3.0
2302.0	1.0
2303.0	1.0
2307.0	1.0
2308.0	1.0
2309.0	3.0
2311.0	1.0
2313.0	4.0
2314.0	2.0
2321.0	1.0
2322.0	1.0
2323.0	1.0
2326.0	1.0
2327.0	2.0
2328.0	1.0
2330.0	1.0
2331.0	2.0
2334.0	2.0
2335.0	2.0
2337.0	2.0
2339.0	1.0
2340.0	1.0
2341.0	1.0
2342.0	2.0
2343.0	2.0
2344.0	1.0
2345.0	1.0
2346.0	1.0
2347.0	1.0
2352.0	2.0
2354.0	1.0
2355.0	1.0
2357.0	2.0
2358.0	1.0
2359.0	3.0
2360.0	1.0
2362.0	1.0
2363.0	2.0
2364.0	1.0
2365.0	1.0
2367.0	1.0
2368.0	1.0
2369.0	1.0
2370.0	1.0
2371.0	3.0
2372.0	3.0
2373.0	1.0
2374.0	3.0
2375.0	2.0
2376.0	2.0
2377.0	1.0
2378.0	2.0
2379.0	2.0
2381.0	1.0
2382.0	2.0
2383.0	1.0
2388.0	2.0
2391.0	1.0
2392.0	3.0
2393.0	2.0
2394.0	2.0
2395.0	2.0
2396.0	1.0
2397.0	2.0
2399.0	4.0
2400.0	1.0
2401.0	2.0
2402.0	3.0
2403.0	1.0
2404.0	1.0
2405.0	3.0
2406.0	1.0
2410.0	3.0
2412.0	2.0
2413.0	2.0
2415.0	1.0
2416.0	1.0
2417.0	2.0
2418.0	2.0
2419.0	1.0
2422.0	1.0
2423.0	1.0
2424.0	1.0
2425.0	5.0
2427.0	2.0
2430.0	1.0
2431.0	1.0
2432.0	1.0
2435.0	2.0
2436.0	1.0
2437.0	1.0
2438.0	1.0
2442.0	1.0
2443.0	2.0
2444.0	1.0
2446.0	1.0
2447.0	1.0
2448.0	1.0
2449.0	2.0
2452.0	5.0
2454.0	2.0
2455.0	1.0
2456.0	2.0
2457.0	1.0
2459.0	1.0
2460.0	2.0
2462.0	3.0
2463.0	1.0
2464.0	4.0
2465.0	1.0
2466.0	1.0
2468.0	1.0
2469.0	2.0
2471.0	2.0
2472.0	1.0
2474.0	2.0
2475.0	1.0
2478.0	1.0
2486.0	1.0
2493.0	3.0
2497.0	1.0
2498.0	2.0
2499.0	2.0
2500.0	1.0
2501.0	1.0
2502.0	1.0
2505.0	1.0
2507.0	1.0
2508.0	1.0
2509.0	8.0
2510.0	2.0
2511.0	1.0
2512.0	1.0
2513.0	4.0
2515.0	1.0
2516.0	2.0
2518.0	2.0
2519.0	4.0
2520.0	3.0
2521.0	1.0
2522.0	4.0
2523.0	1.0
2525.0	2.0
2526.0	1.0
2528.0	1.0
2529.0	1.0
2530.0	1.0
2531.0	1.0
2532.0	1.0
2533.0	1.0
2534.0	1.0
2535.0	1.0
2536.0	3.0
2539.0	2.0
2540.0	1.0
2541.0	4.0
2542.0	1.0
2544.0	1.0
2545.0	1.0
2546.0	3.0
2547.0	3.0
2549.0	2.0
2552.0	2.0
2553.0	1.0
2558.0	2.0
2559.0	2.0
2561.0	2.0
2562.0	1.0
2563.0	4.0
2564.0	1.0
2566.0	1.0
2567.0	1.0
2569.0	1.0
2571.0	1.0
2572.0	1.0
2573.0	2.0
2576.0	1.0
2578.0	3.0
2580.0	2.0
2581.0	4.0
2582.0	2.0
2583.0	1.0
2585.0	1.0
2587.0	2.0
2589.0	1.0
2590.0	1.0
2594.0	1.0
2595.0	1.0
2596.0	1.0
2598.0	1.0
2600.0	1.0
2605.0	3.0
2606.0	1.0
2607.0	3.0
2609.0	1.0
2610.0	2.0
2611.0	1.0
2612.0	1.0
2613.0	2.0
2614.0	1.0
2615.0	4.0
2617.0	1.0
2619.0	1.0
2622.0	1.0
2623.0	1.0
2624.0	1.0
2625.0	1.0
2626.0	2.0
2627.0	2.0
2628.0	2.0
2629.0	1.0
2630.0	1.0
2634.0	2.0
2635.0	2.0
2636.0	4.0
2638.0	3.0
2639.0	3.0
2640.0	3.0
2641.0	4.0
2642.0	1.0
2643.0	1.0
2644.0	2.0
2645.0	3.0
2647.0	5.0
2648.0	2.0
2649.0	2.0
2650.0	1.0
2651.0	1.0
2652.0	1.0
2654.0	3.0
2655.0	2.0
2657.0	1.0
2658.0	2.0
2659.0	2.0
2660.0	2.0
2661.0	2.0
2663.0	1.0
2665.0	1.0
2666.0	1.0
2667.0	2.0
2668.0	1.0
2669.0	1.0
2674.0	3.0
2675.0	1.0
2676.0	1.0
2677.0	3.0
2678.0	3.0
2681.0	3.0
2682.0	3.0
2683.0	6.0
2685.0	1.0
2686.0	5.0
2687.0	3.0
2688.0	4.0
2689.0	2.0
2690.0	1.0
2691.0	1.0
2692.0	1.0
2693.0	3.0
2694.0	2.0
2695.0	2.0
2696.0	1.0
2697.0	4.0
2698.0	1.0
2699.0	2.0
2700.0	2.0
2702.0	2.0
2703.0	1.0
2704.0	2.0
2705.0	1.0
2706.0	2.0
2707.0	2.0
2708.0	2.0
2709.0	1.0
2710.0	2.0
2711.0	1.0
2714.0	5.0
2715.0	2.0
2716.0	3.0
2717.0	1.0
2718.0	1.0
2719.0	1.0
2720.0	1.0
2721.0	1.0
2722.0	1.0
2726.0	2.0
2727.0	1.0
2728.0	3.0
2729.0	1.0
2730.0	2.0
2731.0	1.0
2732.0	2.0
2734.0	1.0
2735.0	1.0
2736.0	1.0
2737.0	4.0
2738.0	1.0
2741.0	3.0
2742.0	2.0
2743.0	3.0
2744.0	2.0
2746.0	6.0
2747.0	1.0
2748.0	2.0
2749.0	1.0
2750.0	2.0
2751.0	3.0
2753.0	2.0
2754.0	2.0
2755.0	4.0
2756.0	4.0
2758.0	1.0
2759.0	4.0
2761.0	1.0
2762.0	1.0
2763.0	2.0
2764.0	1.0
2767.0	1.0
2768.0	1.0
2769.0	2.0
2771.0	1.0
2772.0	4.0
2773.0	2.0
2774.0	4.0
2775.0	7.0
2777.0	2.0
2778.0	2.0
2780.0	3.0
2782.0	2.0
2783.0	2.0
2784.0	1.0
2785.0	1.0
2786.0	1.0
2788.0	1.0
2789.0	2.0
2790.0	4.0
2791.0	3.0
2792.0	2.0
2793.0	1.0
2796.0	1.0
2797.0	2.0
2798.0	1.0
2799.0	3.0
2800.0	2.0
2802.0	3.0
2803.0	2.0
2804.0	1.0
2805.0	6.0
2806.0	2.0
2807.0	2.0
2808.0	2.0
2809.0	2.0
2811.0	1.0
2812.0	1.0
2813.0	3.0
2814.0	4.0
2815.0	2.0
2816.0	2.0
2817.0	1.0
2818.0	2.0
2819.0	3.0
2820.0	3.0
2821.0	2.0
2823.0	1.0
2824.0	3.0
2825.0	4.0
2826.0	3.0
2827.0	2.0
2828.0	7.0
2829.0	6.0
2830.0	2.0
2831.0	4.0
2832.0	2.0
2833.0	2.0
2834.0	2.0
2835.0	2.0
2836.0	3.0
2837.0	1.0
2838.0	2.0
2839.0	2.0
2840.0	1.0
2842.0	5.0
2844.0	2.0
2845.0	5.0
2846.0	1.0
2847.0	7.0
2848.0	1.0
2849.0	4.0
2850.0	2.0
2851.0	3.0
2852.0	1.0
2853.0	3.0
2854.0	4.0
2855.0	2.0
2858.0	6.0
2860.0	2.0
2861.0	3.0
2862.0	2.0
2863.0	3.0
2865.0	1.0
2866.0	3.0
2867.0	1.0
2869.0	2.0
2870.0	2.0
2871.0	1.0
2872.0	3.0
2873.0	4.0
2874.0	3.0
2875.0	2.0
2876.0	5.0
2877.0	1.0
2878.0	1.0
2879.0	1.0
2880.0	3.0
2881.0	3.0
2882.0	1.0
2884.0	1.0
2885.0	2.0
2886.0	1.0
2887.0	2.0
2888.0	1.0
2889.0	1.0
2890.0	1.0
2891.0	2.0
2892.0	3.0
2893.0	3.0
2894.0	3.0
2895.0	2.0
2896.0	2.0
2897.0	3.0
2898.0	2.0
2899.0	1.0
2900.0	2.0
2901.0	1.0
2903.0	3.0
2904.0	2.0
2905.0	1.0
2906.0	2.0
2907.0	4.0
2908.0	2.0
2909.0	3.0
2911.0	8.0
2912.0	3.0
2913.0	4.0
2914.0	2.0
2917.0	3.0
2918.0	1.0
2919.0	1.0
2920.0	1.0
2921.0	3.0
2922.0	4.0
2923.0	1.0
2924.0	1.0
2925.0	2.0
2926.0	2.0
2927.0	2.0
2928.0	3.0
2929.0	1.0
2931.0	1.0
2933.0	5.0
2934.0	1.0
2936.0	2.0
2937.0	2.0
2938.0	3.0
2939.0	1.0
2940.0	1.0
2941.0	1.0
2942.0	2.0
2943.0	2.0
2944.0	3.0
2945.0	1.0
2946.0	6.0
2947.0	3.0
2948.0	3.0
2949.0	1.0
2950.0	2.0
2951.0	1.0
2952.0	1.0
2954.0	1.0
2955.0	3.0
2956.0	1.0
2957.0	2.0
2958.0	2.0
2959.0	3.0
2960.0	1.0
2961.0	1.0
2963.0	1.0
2964.0	1.0
2965.0	1.0
2966.0	5.0
2968.0	1.0
2969.0	2.0
2970.0	3.0
2971.0	2.0
2972.0	2.0
2973.0	1.0
2974.0	3.0
2975.0	1.0
2976.0	6.0
2977.0	2.0
2978.0	1.0
2979.0	5.0
2980.0	2.0
2981.0	1.0
2982.0	3.0
2983.0	1.0
2984.0	1.0
2985.0	2.0
2987.0	3.0
2988.0	1.0
2989.0	2.0
2990.0	1.0
2991.0	3.0
2992.0	4.0
2993.0	5.0
2994.0	1.0
2995.0	1.0
2996.0	4.0
2997.0	1.0
3003.0	1.0
3004.0	2.0
3005.0	2.0
3006.0	3.0
3007.0	2.0
3010.0	1.0
3012.0	1.0
3014.0	2.0
3015.0	2.0
3017.0	2.0
3018.0	1.0
3019.0	3.0
3020.0	3.0
3021.0	4.0
3022.0	3.0
3023.0	3.0
3024.0	2.0
3025.0	3.0
3026.0	4.0
3027.0	1.0
3028.0	3.0
3029.0	2.0
3031.0	4.0
3033.0	1.0
3034.0	1.0
3035.0	3.0
3037.0	1.0
3038.0	1.0
3039.0	1.0
3040.0	3.0
3041.0	1.0
3044.0	1.0
3045.0	2.0
3046.0	5.0
3048.0	4.0
3049.0	5.0
3050.0	2.0
3051.0	1.0
3052.0	3.0
3053.0	4.0
3054.0	1.0
3055.0	1.0
3057.0	4.0
3058.0	3.0
3059.0	2.0
3060.0	5.0
3061.0	1.0
3063.0	1.0
3064.0	4.0
3066.0	1.0
3069.0	4.0
3070.0	1.0
3071.0	1.0
3072.0	1.0
3073.0	1.0
3075.0	2.0
3077.0	1.0
3081.0	5.0
3082.0	2.0
3083.0	2.0
3084.0	1.0
3085.0	1.0
3086.0	1.0
3087.0	2.0
3088.0	3.0
3089.0	3.0
3090.0	1.0
3092.0	1.0
3093.0	3.0
3094.0	1.0
3096.0	2.0
3097.0	2.0
3098.0	3.0
3099.0	1.0
3101.0	1.0
3102.0	1.0
3103.0	3.0
3104.0	2.0
3105.0	3.0
3106.0	2.0
3107.0	5.0
3108.0	1.0
3109.0	3.0
3110.0	2.0
3111.0	1.0
3112.0	1.0
3114.0	2.0
3116.0	1.0
3117.0	4.0
3118.0	5.0
3121.0	3.0
3122.0	1.0
3123.0	3.0
3124.0	3.0
3125.0	2.0
3126.0	3.0
3127.0	2.0
3128.0	2.0
3129.0	2.0
3130.0	4.0
3133.0	1.0
3134.0	1.0
3136.0	2.0
3137.0	1.0
3138.0	1.0
3141.0	4.0
3142.0	1.0
3143.0	7.0
3145.0	1.0
3146.0	2.0
3147.0	2.0
3148.0	1.0
3149.0	4.0
3150.0	2.0
3151.0	3.0
3152.0	1.0
3153.0	1.0
3154.0	1.0
3155.0	4.0
3156.0	4.0
3157.0	4.0
3158.0	3.0
3159.0	1.0
3161.0	1.0
3162.0	1.0
3163.0	2.0
3164.0	1.0
3165.0	1.0
3166.0	2.0
3167.0	3.0
3169.0	1.0
3170.0	3.0
3171.0	2.0
3172.0	4.0
3173.0	3.0
3174.0	1.0
3175.0	1.0
3176.0	2.0
3177.0	1.0
3178.0	2.0
3182.0	1.0
3183.0	1.0
3184.0	1.0
3185.0	2.0
3186.0	1.0
3187.0	5.0
3188.0	1.0
3189.0	2.0
3193.0	3.0
3194.0	3.0
3195.0	5.0
3196.0	3.0
3197.0	1.0
3198.0	2.0
3199.0	2.0
3200.0	1.0
3201.0	7.0
3202.0	4.0
3203.0	2.0
3205.0	2.0
3206.0	1.0
3208.0	3.0
3209.0	1.0
3210.0	3.0
3211.0	2.0
3212.0	1.0
3213.0	1.0
3215.0	5.0
3217.0	3.0
3218.0	2.0
3219.0	2.0
3220.0	3.0
3222.0	1.0
3223.0	1.0
3225.0	2.0
3230.0	3.0
3231.0	2.0
3232.0	3.0
3233.0	3.0
3234.0	1.0
3235.0	1.0
3236.0	1.0
3237.0	2.0
3238.0	1.0
3239.0	1.0
3240.0	4.0
3243.0	1.0
3244.0	1.0
3245.0	1.0
3248.0	1.0
3249.0	2.0
3250.0	1.0
3252.0	3.0
3253.0	1.0
3254.0	2.0
3256.0	1.0
3258.0	1.0
3259.0	1.0
3260.0	1.0
3261.0	2.0
3262.0	1.0
3263.0	3.0
3264.0	2.0
3266.0	2.0
3267.0	1.0
3268.0	2.0
3270.0	1.0
3271.0	2.0
3272.0	1.0
3273.0	2.0
3274.0	2.0
3275.0	1.0
3276.0	3.0
3277.0	5.0
3278.0	1.0
3279.0	3.0
3280.0	4.0
3281.0	4.0
3282.0	2.0
3283.0	2.0
3284.0	3.0
3285.0	1.0
3286.0	1.0
3287.0	2.0
3289.0	1.0
3290.0	1.0
3291.0	2.0
3292.0	1.0
3293.0	1.0
3294.0	2.0
3295.0	1.0
3296.0	2.0
3297.0	1.0
3298.0	2.0
3299.0	1.0
3300.0	2.0
3301.0	2.0
3302.0	4.0
3303.0	1.0
3304.0	2.0
3305.0	2.0
3306.0	2.0
3307.0	1.0
3310.0	2.0
3311.0	3.0
3312.0	1.0
3313.0	1.0
3314.0	2.0
3315.0	1.0
3316.0	1.0
3319.0	2.0
3320.0	2.0
3323.0	2.0
3325.0	1.0
3326.0	3.0
3327.0	1.0
3328.0	2.0
3329.0	2.0
3330.0	2.0
3331.0	3.0
3333.0	1.0
3334.0	2.0
3335.0	2.0
3336.0	1.0
3337.0	6.0
3338.0	2.0
3339.0	4.0
3340.0	3.0
3342.0	2.0
3343.0	2.0
3344.0	1.0
3347.0	6.0
3348.0	2.0
3349.0	1.0
3350.0	1.0
3351.0	6.0
3352.0	1.0
3353.0	2.0
3354.0	1.0
3355.0	4.0
3356.0	2.0
3357.0	1.0
3358.0	5.0
3360.0	1.0
3362.0	3.0
3363.0	3.0
3365.0	3.0
3366.0	4.0
3367.0	1.0
3369.0	4.0
3370.0	2.0
3371.0	4.0
3372.0	2.0
3373.0	1.0
3374.0	1.0
3376.0	3.0
3377.0	1.0
3378.0	3.0
3379.0	2.0
3381.0	1.0
3382.0	3.0
3384.0	4.0
3386.0	3.0
3387.0	1.0
3388.0	2.0
3389.0	2.0
3390.0	2.0
3391.0	2.0
3392.0	1.0
3393.0	2.0
3395.0	1.0
3396.0	1.0
3398.0	1.0
3399.0	2.0
3400.0	5.0
3401.0	2.0
3403.0	1.0
3404.0	1.0
3407.0	1.0
3409.0	2.0
3410.0	1.0
3413.0	1.0
3414.0	3.0
3417.0	1.0
3418.0	1.0
3419.0	4.0
3420.0	2.0
3421.0	4.0
3424.0	1.0
3425.0	2.0
3426.0	2.0
3427.0	1.0
3428.0	1.0
3432.0	2.0
3433.0	4.0
3434.0	1.0
3436.0	4.0
3437.0	4.0
3438.0	1.0
3439.0	1.0
3440.0	1.0
3442.0	4.0
3443.0	1.0
3445.0	1.0
3446.0	2.0
3449.0	1.0
3450.0	1.0
3451.0	2.0
3452.0	1.0
3453.0	2.0
3455.0	2.0
3457.0	1.0
3458.0	2.0
3459.0	4.0
3460.0	3.0
3463.0	7.0
3464.0	7.0
3466.0	2.0
3467.0	2.0
3468.0	1.0
3469.0	1.0
3470.0	2.0
3471.0	3.0
3472.0	1.0
3473.0	2.0
3474.0	3.0
3475.0	2.0
3476.0	2.0
3477.0	2.0
3478.0	3.0
3479.0	3.0
3480.0	3.0
3482.0	2.0
3483.0	2.0
3484.0	3.0
3486.0	1.0
3487.0	1.0
3488.0	2.0
3490.0	1.0
3491.0	4.0
3492.0	1.0
3493.0	3.0
3495.0	4.0
3496.0	2.0
3497.0	3.0
3498.0	1.0
3499.0	1.0
3500.0	4.0
3501.0	4.0
3502.0	1.0
3504.0	4.0
3505.0	1.0
3506.0	3.0
3507.0	6.0
3508.0	2.0
3509.0	3.0
3510.0	2.0
3511.0	2.0
3512.0	3.0
3513.0	4.0
3514.0	4.0
3515.0	2.0
3516.0	2.0
3518.0	2.0
3519.0	4.0
3520.0	4.0
3521.0	2.0
3522.0	4.0
3523.0	3.0
3524.0	4.0
3525.0	6.0
3526.0	2.0
3527.0	1.0
3529.0	1.0
3530.0	2.0
3531.0	2.0
3532.0	2.0
3533.0	6.0
3534.0	2.0
3535.0	4.0
3536.0	1.0
3537.0	1.0
3538.0	6.0
3539.0	3.0
3540.0	2.0
3541.0	1.0
3543.0	1.0
3544.0	5.0
3546.0	4.0
3547.0	2.0
3548.0	5.0
3549.0	3.0
3550.0	1.0
3551.0	5.0
3552.0	3.0
3553.0	2.0
3554.0	2.0
3555.0	1.0
3556.0	1.0
3557.0	3.0
3558.0	1.0
3559.0	1.0
3560.0	2.0
3562.0	3.0
3563.0	4.0
3564.0	8.0
3565.0	5.0
3566.0	5.0
3567.0	4.0
3568.0	2.0
3569.0	6.0
3570.0	5.0
3572.0	4.0
3573.0	4.0
3574.0	1.0
3575.0	3.0
3576.0	2.0
3577.0	1.0
3578.0	2.0
3579.0	2.0
3580.0	5.0
3581.0	4.0
3582.0	3.0
3583.0	3.0
3584.0	3.0
3585.0	8.0
3586.0	3.0
3587.0	1.0
3588.0	3.0
3590.0	2.0
3591.0	6.0
3592.0	4.0
3593.0	5.0
3594.0	5.0
3595.0	1.0
3596.0	3.0
3597.0	3.0
3598.0	3.0
3599.0	3.0
3600.0	2.0
3601.0	3.0
3602.0	2.0
3603.0	1.0
3604.0	6.0
3605.0	3.0
3606.0	2.0
3607.0	3.0
3608.0	4.0
3609.0	5.0
3610.0	5.0
3611.0	2.0
3613.0	6.0
3614.0	6.0
3615.0	4.0
3616.0	3.0
3617.0	2.0
3618.0	3.0
3619.0	1.0
3620.0	4.0
3621.0	4.0
3622.0	2.0
3623.0	1.0
3624.0	7.0
3625.0	4.0
3626.0	5.0
3628.0	7.0
3629.0	3.0
3630.0	2.0
3631.0	2.0
3632.0	1.0
3633.0	1.0
3634.0	1.0
3635.0	1.0
3636.0	3.0
3637.0	3.0
3638.0	3.0
3639.0	1.0
3640.0	1.0
3641.0	3.0
3642.0	7.0
3643.0	2.0
3644.0	1.0
3645.0	1.0
3646.0	3.0
3647.0	3.0
3648.0	1.0
3649.0	2.0
3651.0	4.0
3652.0	5.0
3653.0	2.0
3655.0	2.0
3656.0	1.0
3657.0	1.0
3658.0	4.0
3659.0	3.0
3660.0	3.0
3661.0	1.0
3662.0	3.0
3663.0	4.0
3664.0	2.0
3665.0	1.0
3666.0	2.0
3667.0	1.0
3668.0	4.0
3669.0	1.0
3670.0	1.0
3671.0	2.0
3672.0	4.0
3673.0	4.0
3674.0	5.0
3675.0	5.0
3676.0	2.0
3677.0	3.0
3678.0	2.0
3679.0	2.0
3680.0	3.0
3681.0	1.0
3682.0	5.0
3683.0	2.0
3684.0	6.0
3685.0	4.0
3687.0	5.0
3688.0	3.0
3689.0	1.0
3690.0	2.0
3691.0	1.0
3692.0	3.0
3693.0	3.0
3694.0	7.0
3695.0	3.0
3696.0	2.0
3697.0	1.0
3698.0	3.0
3699.0	2.0
3700.0	4.0
3701.0	2.0
3702.0	1.0
3703.0	4.0
3704.0	2.0
3705.0	2.0
3706.0	4.0
3707.0	4.0
3708.0	3.0
3709.0	4.0
3710.0	1.0
3711.0	2.0
3712.0	1.0
3713.0	3.0
3714.0	8.0
3715.0	2.0
3716.0	1.0
3717.0	4.0
3718.0	5.0
3719.0	5.0
3720.0	3.0
3721.0	5.0
3723.0	6.0
3724.0	6.0
3725.0	1.0
3726.0	3.0
3727.0	4.0
3728.0	4.0
3729.0	4.0
3730.0	2.0
3731.0	5.0
3732.0	2.0
3733.0	1.0
3734.0	7.0
3735.0	2.0
3736.0	8.0
3737.0	5.0
3738.0	3.0
3739.0	2.0
3740.0	3.0
3742.0	2.0
3743.0	3.0
3744.0	2.0
3745.0	1.0
3746.0	2.0
3747.0	2.0
3749.0	1.0
3750.0	2.0
3751.0	3.0
3752.0	1.0
3753.0	2.0
3754.0	1.0
3755.0	3.0
3758.0	1.0
3759.0	3.0
3760.0	2.0
3763.0	3.0
3764.0	3.0
3765.0	1.0
3766.0	4.0
3767.0	1.0
3768.0	1.0
3769.0	2.0
3771.0	2.0
3772.0	4.0
3773.0	4.0
3774.0	3.0
3775.0	1.0
3776.0	2.0
3777.0	2.0
3778.0	1.0
3780.0	4.0
3781.0	3.0
3782.0	2.0
3783.0	4.0
3784.0	3.0
3785.0	1.0
3786.0	2.0
3787.0	1.0
3788.0	1.0
3789.0	2.0
3790.0	3.0
3791.0	3.0
3792.0	1.0
3793.0	1.0
3794.0	2.0
3795.0	1.0
3796.0	2.0
3797.0	1.0
3798.0	2.0
3799.0	5.0
3800.0	2.0
3801.0	2.0
3802.0	1.0
3803.0	1.0
3805.0	2.0
3806.0	1.0
3807.0	3.0
3810.0	2.0
3811.0	2.0
3812.0	1.0
3813.0	5.0
3815.0	3.0
3816.0	2.0
3817.0	1.0
3820.0	6.0
3821.0	2.0
3822.0	6.0
3823.0	4.0
3824.0	3.0
3826.0	5.0
3827.0	1.0
3828.0	1.0
3829.0	3.0
3831.0	2.0
3832.0	2.0
3833.0	3.0
3835.0	2.0
3836.0	1.0
3837.0	4.0
3838.0	1.0
3839.0	1.0
3840.0	3.0
3841.0	1.0
3844.0	4.0
3846.0	2.0
3847.0	6.0
3848.0	6.0
3849.0	6.0
3851.0	2.0
3852.0	2.0
3853.0	2.0
3854.0	2.0
3855.0	1.0
3856.0	2.0
3857.0	2.0
3859.0	1.0
3860.0	2.0
3861.0	2.0
3862.0	2.0
3863.0	3.0
3864.0	1.0
3865.0	1.0
3866.0	4.0
3867.0	1.0
3868.0	2.0
3869.0	1.0
3870.0	4.0
3871.0	2.0
3872.0	1.0
3873.0	1.0
3874.0	4.0
3875.0	3.0
3876.0	2.0
3877.0	4.0
3878.0	3.0
3879.0	1.0
3880.0	4.0
3881.0	4.0
3882.0	2.0
3883.0	3.0
3884.0	3.0
3885.0	1.0
3886.0	2.0
3887.0	2.0
3888.0	4.0
3889.0	3.0
3890.0	2.0
3891.0	2.0
3892.0	3.0
3893.0	2.0
3894.0	1.0
3895.0	4.0
3896.0	3.0
3897.0	1.0
3898.0	1.0
3899.0	2.0
3900.0	4.0
3901.0	2.0
3902.0	1.0
3905.0	1.0
3906.0	5.0
3907.0	3.0
3908.0	1.0
3909.0	4.0
3910.0	1.0
3911.0	1.0
3912.0	6.0
3913.0	2.0
3914.0	2.0
3915.0	5.0
3916.0	1.0
3917.0	1.0
3918.0	3.0
3919.0	1.0
3920.0	2.0
3921.0	4.0
3922.0	3.0
3923.0	1.0
3924.0	3.0
3925.0	2.0
3926.0	3.0
3927.0	1.0
3928.0	1.0
3930.0	2.0
3931.0	4.0
3932.0	2.0
3933.0	1.0
3935.0	2.0
3936.0	2.0
3937.0	4.0
3938.0	1.0
3939.0	4.0
3940.0	1.0
3941.0	2.0
3942.0	5.0
3943.0	2.0
3944.0	1.0
3945.0	1.0
3946.0	1.0
3947.0	5.0
3948.0	1.0
3949.0	2.0
3950.0	5.0
3952.0	5.0
3953.0	2.0
3954.0	3.0
3955.0	6.0
3956.0	3.0
3957.0	2.0
3958.0	2.0
3959.0	2.0
3961.0	3.0
3962.0	2.0
3963.0	4.0
3964.0	2.0
3965.0	2.0
3966.0	3.0
3967.0	1.0
3968.0	4.0
3969.0	6.0
3970.0	3.0
3971.0	5.0
3972.0	2.0
3973.0	3.0
3974.0	4.0
3975.0	4.0
3976.0	2.0
3977.0	4.0
3978.0	2.0
3979.0	2.0
3980.0	3.0
3981.0	5.0
3982.0	3.0
3983.0	1.0
3984.0	3.0
3985.0	2.0
3987.0	3.0
3988.0	2.0
3989.0	3.0
3990.0	5.0
3991.0	2.0
3992.0	2.0
3993.0	3.0
3994.0	4.0
3995.0	4.0
3996.0	4.0
3997.0	6.0
3998.0	3.0
3999.0	4.0
4000.0	3.0
4001.0	4.0
4002.0	1.0
4003.0	3.0
4004.0	4.0
4005.0	6.0
4006.0	2.0
4007.0	3.0
4008.0	4.0
4009.0	4.0
4010.0	7.0
4011.0	9.0
4012.0	3.0
4013.0	2.0
4014.0	4.0
4015.0	4.0
4016.0	1.0
4017.0	3.0
4018.0	6.0
4019.0	4.0
4020.0	7.0
4021.0	4.0
4022.0	1.0
4023.0	2.0
4024.0	3.0
4025.0	3.0
4026.0	2.0
4027.0	4.0
4028.0	1.0
4029.0	1.0
4030.0	2.0
4031.0	2.0
4033.0	4.0
4034.0	5.0
4035.0	4.0
4036.0	4.0
4037.0	3.0
4038.0	2.0
4040.0	3.0
4041.0	2.0
4042.0	5.0
4043.0	3.0
4044.0	5.0
4045.0	4.0
4046.0	5.0
4047.0	1.0
4049.0	2.0
4050.0	1.0
4051.0	2.0
4052.0	3.0
4053.0	4.0
4054.0	4.0
4055.0	3.0
4056.0	3.0
4057.0	3.0
4058.0	2.0
4060.0	4.0
4061.0	3.0
4062.0	5.0
4063.0	4.0
4064.0	2.0
4065.0	1.0
4066.0	3.0
4067.0	1.0
4068.0	6.0
4069.0	2.0
4070.0	4.0
4071.0	3.0
4072.0	2.0
4073.0	1.0
4074.0	3.0
4075.0	1.0
4076.0	5.0
4077.0	4.0
4078.0	2.0
4079.0	5.0
4080.0	3.0
4081.0	4.0
4082.0	3.0
4083.0	1.0
4084.0	6.0
4085.0	1.0
4086.0	2.0
4087.0	2.0
4088.0	5.0
4089.0	4.0
4090.0	2.0
4091.0	5.0
4092.0	3.0
4093.0	4.0
4095.0	3.0
4096.0	3.0
4097.0	5.0
4098.0	7.0
4099.0	3.0
4100.0	4.0
4101.0	5.0
4102.0	4.0
4103.0	2.0
4104.0	3.0
4105.0	7.0
4106.0	3.0
4107.0	3.0
4108.0	4.0
4109.0	5.0
4110.0	1.0
4111.0	8.0
4112.0	2.0
4113.0	5.0
4114.0	4.0
4115.0	5.0
4116.0	5.0
4117.0	4.0
4118.0	3.0
4119.0	5.0
4120.0	4.0
4121.0	6.0
4122.0	4.0
4123.0	5.0
4124.0	3.0
4125.0	1.0
4126.0	3.0
4127.0	8.0
4128.0	3.0
4129.0	3.0
4130.0	3.0
4131.0	4.0
4132.0	3.0
4133.0	7.0
4134.0	4.0
4135.0	4.0
4136.0	9.0
4137.0	5.0
4138.0	3.0
4139.0	7.0
4140.0	3.0
4141.0	2.0
4142.0	3.0
4143.0	1.0
4144.0	5.0
4145.0	7.0
4146.0	5.0
4147.0	7.0
4148.0	3.0
4149.0	5.0
4150.0	1.0
4151.0	1.0
4152.0	6.0
4153.0	1.0
4155.0	4.0
4156.0	2.0
4157.0	3.0
4158.0	2.0
4159.0	1.0
4160.0	4.0
4161.0	4.0
4162.0	3.0
4163.0	4.0
4164.0	5.0
4165.0	3.0
4166.0	8.0
4167.0	4.0
4168.0	4.0
4169.0	5.0
4170.0	5.0
4171.0	7.0
4172.0	4.0
4173.0	3.0
4174.0	3.0
4175.0	3.0
4176.0	1.0
4177.0	4.0
4178.0	2.0
4179.0	5.0
4180.0	2.0
4181.0	4.0
4182.0	5.0
4183.0	7.0
4184.0	7.0
4185.0	6.0
4186.0	5.0
4187.0	4.0
4188.0	5.0
4189.0	7.0
4190.0	6.0
4191.0	3.0
4192.0	5.0
4193.0	7.0
4194.0	5.0
4195.0	3.0
4196.0	3.0
4197.0	3.0
4198.0	5.0
4199.0	4.0
4200.0	4.0
4201.0	7.0
4202.0	2.0
4203.0	4.0
4204.0	4.0
4205.0	1.0
4206.0	5.0
4207.0	7.0
4208.0	5.0
4209.0	2.0
4210.0	4.0
4211.0	5.0
4212.0	5.0
4213.0	5.0
4214.0	2.0
4215.0	2.0
4216.0	4.0
4217.0	3.0
4218.0	4.0
4219.0	4.0
4220.0	5.0
4221.0	5.0
4222.0	7.0
4223.0	5.0
4224.0	3.0
4225.0	6.0
4226.0	5.0
4227.0	2.0
4228.0	4.0
4229.0	3.0
4230.0	4.0
4231.0	5.0
4232.0	4.0
4233.0	5.0
4234.0	3.0
4235.0	7.0
4236.0	7.0
4237.0	4.0
4238.0	5.0
4239.0	4.0
4240.0	5.0
4241.0	6.0
4242.0	9.0
4243.0	3.0
4244.0	4.0
4245.0	3.0
4246.0	4.0
4247.0	6.0
4248.0	8.0
4249.0	2.0
4250.0	3.0
4251.0	4.0
4252.0	1.0
4253.0	7.0
4254.0	8.0
4255.0	5.0
4256.0	4.0
4257.0	5.0
4258.0	3.0
4259.0	5.0
4260.0	3.0
4261.0	5.0
4262.0	7.0
4263.0	6.0
4264.0	1.0
4265.0	6.0
4266.0	4.0
4267.0	7.0
4268.0	6.0
4269.0	6.0
4270.0	4.0
4271.0	6.0
4272.0	4.0
4273.0	6.0
4274.0	4.0
4275.0	3.0
4276.0	10.0
4277.0	7.0
4278.0	4.0
4279.0	6.0
4280.0	9.0
4281.0	2.0
4282.0	1.0
4283.0	4.0
4284.0	4.0
4285.0	3.0
4286.0	8.0
4287.0	4.0
4288.0	3.0
4289.0	8.0
4290.0	4.0
4291.0	4.0
4292.0	2.0
4293.0	5.0
4294.0	5.0
4296.0	2.0
4297.0	7.0
4298.0	3.0
4299.0	3.0
4300.0	3.0
4301.0	3.0
4302.0	4.0
4303.0	6.0
4304.0	9.0
4305.0	2.0
4306.0	7.0
4307.0	1.0
4308.0	2.0
4309.0	9.0
4310.0	6.0
4311.0	1.0
4312.0	7.0
4313.0	4.0
4314.0	3.0
4315.0	4.0
4316.0	3.0
4317.0	5.0
4318.0	10.0
4319.0	4.0
4320.0	5.0
4321.0	6.0
4322.0	5.0
4323.0	5.0
4324.0	4.0
4325.0	2.0
4326.0	5.0
4327.0	5.0
4328.0	6.0
4329.0	5.0
4330.0	7.0
4331.0	4.0
4332.0	3.0
4333.0	6.0
4334.0	2.0
4335.0	4.0
4336.0	3.0
4337.0	4.0
4338.0	7.0
4339.0	6.0
4340.0	5.0
4341.0	2.0
4342.0	7.0
4343.0	5.0
4344.0	4.0
4345.0	5.0
4346.0	2.0
4347.0	5.0
4348.0	4.0
4349.0	4.0
4350.0	4.0
4351.0	2.0
4352.0	1.0
4353.0	5.0
4354.0	6.0
4355.0	4.0
4356.0	6.0
4357.0	3.0
4358.0	2.0
4359.0	1.0
4360.0	3.0
4361.0	3.0
4362.0	1.0
4363.0	4.0
4364.0	6.0
4365.0	5.0
4366.0	6.0
4367.0	5.0
4370.0	4.0
4371.0	2.0
4372.0	1.0
4373.0	5.0
4374.0	1.0
4375.0	2.0
4376.0	5.0
4377.0	3.0
4378.0	4.0
4379.0	2.0
4380.0	2.0
4381.0	2.0
4382.0	3.0
4383.0	3.0
4384.0	3.0
4385.0	8.0
4386.0	3.0
4387.0	6.0
4388.0	4.0
4389.0	3.0
4390.0	5.0
4391.0	2.0
4392.0	4.0
4393.0	3.0
4394.0	5.0
4395.0	4.0
4396.0	3.0
4397.0	2.0
4398.0	2.0
4399.0	1.0
4400.0	6.0
4401.0	5.0
4402.0	5.0
4403.0	3.0
4404.0	5.0
4405.0	5.0
4406.0	5.0
4407.0	2.0
4408.0	8.0
4409.0	7.0
4410.0	2.0
4411.0	2.0
4412.0	3.0
4413.0	1.0
4414.0	1.0
4415.0	4.0
4416.0	1.0
4417.0	4.0
4418.0	4.0
4419.0	3.0
4420.0	1.0
4421.0	5.0
4422.0	1.0
4423.0	4.0
4424.0	2.0
4425.0	4.0
4426.0	6.0
4427.0	4.0
4429.0	2.0
4430.0	4.0
4431.0	4.0
4432.0	6.0
4433.0	4.0
4434.0	4.0
4435.0	2.0
4436.0	5.0
4437.0	4.0
4439.0	5.0
4440.0	2.0
4441.0	6.0
4443.0	5.0
4444.0	1.0
4445.0	5.0
4446.0	1.0
4447.0	7.0
4448.0	4.0
4449.0	3.0
4450.0	1.0
4451.0	4.0
4452.0	3.0
4453.0	1.0
4454.0	5.0
4455.0	5.0
4456.0	4.0
4457.0	5.0
4458.0	4.0
4459.0	5.0
4460.0	4.0
4461.0	3.0
4462.0	2.0
4463.0	1.0
4464.0	2.0
4465.0	4.0
4466.0	6.0
4467.0	1.0
4468.0	2.0
4469.0	4.0
4470.0	4.0
4471.0	1.0
4472.0	2.0
4473.0	1.0
4474.0	4.0
4475.0	3.0
4476.0	8.0
4477.0	6.0
4478.0	2.0
4479.0	5.0
4480.0	5.0
4481.0	2.0
4482.0	2.0
4483.0	3.0
4484.0	6.0
4485.0	6.0
4486.0	2.0
4487.0	5.0
4488.0	3.0
4489.0	5.0
4490.0	1.0
4491.0	3.0
4492.0	2.0
4493.0	4.0
4494.0	7.0
4495.0	1.0
4496.0	2.0
4497.0	7.0
4498.0	3.0
4499.0	2.0
4500.0	6.0
4501.0	5.0
4502.0	2.0
4503.0	4.0
4504.0	3.0
4505.0	6.0
4506.0	4.0
4508.0	6.0
4509.0	6.0
4510.0	4.0
4511.0	6.0
4512.0	3.0
4513.0	4.0
4514.0	3.0
4515.0	2.0
4516.0	7.0
4517.0	3.0
4518.0	4.0
4519.0	5.0
4520.0	1.0
4521.0	2.0
4523.0	2.0
4524.0	1.0
4525.0	2.0
4526.0	1.0
4527.0	3.0
4528.0	2.0
4529.0	3.0
4530.0	1.0
4531.0	4.0
4532.0	3.0
4533.0	2.0
4534.0	1.0
4535.0	3.0
4536.0	3.0
4537.0	6.0
4538.0	2.0
4539.0	4.0
4540.0	6.0
4541.0	3.0
4543.0	5.0
4544.0	1.0
4545.0	6.0
4546.0	1.0
4547.0	5.0
4549.0	2.0
4550.0	4.0
4551.0	3.0
4552.0	4.0
4553.0	5.0
4554.0	2.0
4555.0	3.0
4556.0	2.0
4557.0	4.0
4558.0	2.0
4559.0	5.0
4560.0	3.0
4561.0	5.0
4562.0	2.0
4563.0	2.0
4564.0	5.0
4565.0	3.0
4566.0	3.0
4567.0	4.0
4568.0	4.0
4569.0	3.0
4570.0	3.0
4571.0	3.0
4572.0	5.0
4573.0	4.0
4574.0	5.0
4575.0	6.0
4576.0	5.0
4577.0	4.0
4578.0	1.0
4579.0	10.0
4581.0	3.0
4582.0	6.0
4583.0	5.0
4584.0	5.0
4585.0	3.0
4586.0	1.0
4587.0	3.0
4588.0	3.0
4589.0	5.0
4590.0	10.0
4591.0	6.0
4592.0	4.0
4593.0	3.0
4594.0	2.0
4595.0	4.0
4597.0	1.0
4598.0	4.0
4599.0	1.0
4600.0	4.0
4602.0	2.0
4603.0	2.0
4604.0	3.0
4605.0	1.0
4606.0	2.0
4607.0	3.0
4608.0	3.0
4609.0	3.0
4610.0	3.0
4611.0	1.0
4612.0	5.0
4613.0	2.0
4614.0	1.0
4615.0	2.0
4616.0	4.0
4617.0	6.0
4618.0	3.0
4619.0	1.0
4620.0	4.0
4621.0	4.0
4622.0	2.0
4623.0	4.0
4624.0	4.0
4625.0	1.0
4626.0	1.0
4627.0	1.0
4628.0	3.0
4629.0	3.0
4630.0	3.0
4631.0	4.0
4632.0	2.0
4633.0	2.0
4634.0	4.0
4635.0	1.0
4636.0	2.0
4637.0	2.0
4638.0	2.0
4639.0	3.0
4641.0	1.0
4643.0	2.0
4644.0	2.0
4645.0	3.0
4646.0	1.0
4647.0	1.0
4648.0	2.0
4649.0	3.0
4650.0	2.0
4651.0	2.0
4652.0	1.0
4653.0	3.0
4654.0	1.0
4655.0	1.0
4656.0	1.0
4657.0	3.0
4658.0	3.0
4659.0	2.0
4660.0	1.0
4661.0	7.0
4662.0	1.0
4663.0	1.0
4664.0	1.0
4665.0	1.0
4668.0	2.0
4669.0	1.0
4670.0	2.0
4671.0	4.0
4673.0	2.0
4674.0	1.0
4675.0	3.0
4676.0	2.0
4677.0	2.0
4678.0	2.0
4679.0	2.0
4680.0	2.0
4681.0	2.0
4682.0	3.0
4683.0	5.0
4684.0	5.0
4685.0	1.0
4686.0	1.0
4687.0	1.0
4688.0	1.0
4689.0	2.0
4690.0	1.0
4691.0	2.0
4692.0	1.0
4693.0	1.0
4694.0	2.0
4695.0	1.0
4696.0	5.0
4697.0	1.0
4698.0	4.0
4700.0	2.0
4702.0	2.0
4704.0	1.0
4705.0	2.0
4706.0	3.0
4707.0	2.0
4709.0	2.0
4710.0	5.0
4711.0	3.0
4712.0	1.0
4713.0	3.0
4714.0	1.0
4715.0	1.0
4717.0	1.0
4718.0	2.0
4720.0	1.0
4721.0	3.0
4722.0	2.0
4723.0	1.0
4724.0	1.0
4725.0	1.0
4726.0	1.0
4727.0	2.0
4728.0	2.0
4729.0	1.0
4730.0	4.0
4732.0	3.0
4733.0	5.0
4734.0	2.0
4735.0	1.0
4736.0	2.0
4738.0	7.0
4739.0	3.0
4740.0	4.0
4741.0	5.0
4742.0	3.0
4743.0	1.0
4744.0	3.0
4745.0	2.0
4747.0	2.0
4748.0	5.0
4749.0	3.0
4750.0	2.0
4751.0	1.0
4752.0	2.0
4753.0	1.0
4754.0	1.0
4755.0	2.0
4756.0	5.0
4757.0	3.0
4758.0	1.0
4759.0	3.0
4760.0	4.0
4761.0	2.0
4762.0	1.0
4763.0	5.0
4764.0	3.0
4765.0	4.0
4766.0	3.0
4767.0	2.0
4768.0	1.0
4769.0	4.0
4770.0	3.0
4771.0	3.0
4772.0	5.0
4773.0	2.0
4774.0	2.0
4775.0	1.0
4776.0	1.0
4777.0	2.0
4778.0	3.0
4780.0	3.0
4781.0	1.0
4783.0	1.0
4784.0	3.0
4786.0	4.0
4787.0	1.0
4788.0	3.0
4789.0	2.0
4790.0	3.0
4791.0	1.0
4792.0	2.0
4793.0	3.0
4795.0	1.0
4796.0	1.0
4797.0	4.0
4798.0	4.0
4800.0	1.0
4801.0	4.0
4802.0	1.0
4803.0	2.0
4804.0	1.0
4805.0	2.0
4807.0	1.0
4808.0	2.0
4809.0	1.0
4811.0	1.0
4812.0	1.0
4813.0	3.0
4814.0	2.0
4815.0	2.0
4816.0	1.0
4817.0	2.0
4819.0	1.0
4820.0	1.0
4821.0	2.0
4822.0	1.0
4823.0	1.0
4828.0	1.0
4829.0	2.0
4830.0	1.0
4831.0	1.0
4832.0	1.0
4833.0	2.0
4834.0	2.0
4835.0	5.0
4838.0	1.0
4839.0	1.0
4841.0	1.0
4842.0	1.0
4843.0	2.0
4844.0	1.0
4845.0	1.0
4846.0	1.0
4847.0	1.0
4848.0	2.0
4849.0	2.0
4851.0	2.0
4853.0	1.0
4854.0	1.0
4855.0	1.0
4856.0	1.0
4860.0	1.0
4862.0	4.0
4864.0	2.0
4865.0	1.0
4869.0	1.0
4870.0	2.0
4873.0	3.0
4874.0	1.0
4876.0	1.0
4877.0	1.0
4878.0	1.0
4884.0	2.0
4885.0	1.0
4887.0	2.0
4888.0	3.0
4889.0	1.0
4890.0	1.0
4892.0	4.0
4895.0	2.0
4897.0	2.0
4900.0	1.0
4905.0	1.0
4906.0	2.0
4908.0	3.0
4909.0	2.0
4910.0	2.0
4913.0	1.0
4915.0	1.0
4916.0	1.0
4918.0	1.0
4921.0	1.0
4922.0	2.0
4923.0	3.0
4925.0	2.0
4927.0	1.0
4928.0	1.0
4930.0	2.0
4931.0	2.0
4933.0	4.0
4935.0	1.0
4937.0	2.0
4940.0	2.0
4941.0	2.0
4942.0	1.0
4943.0	1.0
4944.0	1.0
4945.0	1.0
4946.0	2.0
4947.0	1.0
4948.0	2.0
4949.0	1.0
4950.0	1.0
4952.0	2.0
4953.0	1.0
4955.0	1.0
4957.0	2.0
4960.0	1.0
4961.0	2.0
4962.0	1.0
4964.0	1.0
4967.0	1.0
4976.0	1.0
4977.0	2.0
4980.0	1.0
4981.0	2.0
4983.0	1.0
4986.0	1.0
4987.0	1.0
4990.0	2.0
4991.0	1.0
4993.0	1.0
4994.0	2.0
4996.0	1.0
4997.0	2.0
4998.0	1.0
4999.0	2.0
5001.0	1.0
5003.0	1.0
5005.0	1.0
5006.0	1.0
5008.0	2.0
5009.0	2.0
5010.0	1.0
5011.0	1.0
5013.0	1.0
5016.0	1.0
5019.0	2.0
5020.0	1.0
5022.0	2.0
5024.0	2.0
5026.0	1.0
5029.0	1.0
5031.0	1.0
5032.0	3.0
5035.0	1.0
5038.0	2.0
5039.0	3.0
5040.0	1.0
5045.0	2.0
5046.0	1.0
5050.0	1.0
5052.0	1.0
5055.0	2.0
5056.0	2.0
5057.0	1.0
5058.0	1.0
5062.0	1.0
5064.0	1.0
5065.0	1.0
5067.0	3.0
5068.0	1.0
5069.0	3.0
5070.0	2.0
5071.0	2.0
5073.0	1.0
5074.0	3.0
5075.0	1.0
5077.0	1.0
5079.0	1.0
5081.0	1.0
5082.0	1.0
5083.0	1.0
5085.0	1.0
5087.0	1.0
5088.0	1.0
5089.0	2.0
5090.0	1.0
5093.0	1.0
5094.0	2.0
5095.0	1.0
5096.0	1.0
5097.0	2.0
5101.0	3.0
5104.0	1.0
5106.0	2.0
5107.0	1.0
5108.0	3.0
5109.0	1.0
5111.0	1.0
5113.0	1.0
5114.0	1.0
5119.0	1.0
5120.0	1.0
5125.0	1.0
5126.0	1.0
5127.0	2.0
5130.0	2.0
5131.0	1.0
5133.0	2.0
5136.0	1.0
5138.0	1.0
5139.0	1.0
5141.0	1.0
5145.0	2.0
5147.0	2.0
5148.0	1.0
5149.0	1.0
5155.0	2.0
5156.0	2.0
5157.0	1.0
5161.0	1.0
5162.0	1.0
5164.0	2.0
5165.0	1.0
5167.0	1.0
5169.0	1.0
5170.0	1.0
5171.0	2.0
5174.0	1.0
5177.0	2.0
5180.0	1.0
5186.0	1.0
5187.0	1.0
5188.0	2.0
5190.0	2.0
5191.0	1.0
5192.0	1.0
5195.0	2.0
5196.0	2.0
5197.0	3.0
5199.0	2.0
5200.0	1.0
5202.0	1.0
5203.0	2.0
5204.0	2.0
5205.0	1.0
5209.0	1.0
5212.0	3.0
5215.0	2.0
5216.0	4.0
5218.0	2.0
5219.0	1.0
5220.0	1.0
5221.0	2.0
5224.0	1.0
5226.0	2.0
5228.0	1.0
5231.0	1.0
5236.0	1.0
5237.0	3.0
5238.0	2.0
5240.0	2.0
5243.0	2.0
5244.0	2.0
5246.0	1.0
5252.0	1.0
5255.0	1.0
5258.0	1.0
5259.0	1.0
5260.0	1.0
5261.0	1.0
5263.0	2.0
5266.0	1.0
5267.0	1.0
5268.0	1.0
5269.0	1.0
5270.0	2.0
5271.0	1.0
5273.0	1.0
5279.0	2.0
5281.0	1.0
5283.0	1.0
5284.0	2.0
5285.0	1.0
5286.0	1.0
5289.0	2.0
5290.0	1.0
5292.0	1.0
5293.0	1.0
5295.0	1.0
5296.0	1.0
5297.0	2.0
5298.0	1.0
5300.0	3.0
5303.0	1.0
5305.0	1.0
5308.0	1.0
5310.0	1.0
5314.0	2.0
5316.0	1.0
5323.0	2.0
5324.0	2.0
5325.0	1.0
5326.0	1.0
5327.0	2.0
5328.0	1.0
5334.0	1.0
5335.0	1.0
5336.0	1.0
5341.0	1.0
5346.0	1.0
5348.0	1.0
5351.0	1.0
5352.0	1.0
5353.0	1.0
5354.0	1.0
5361.0	1.0
5362.0	1.0
5364.0	1.0
5366.0	1.0
5375.0	1.0
5378.0	1.0
5379.0	2.0
5380.0	2.0
5382.0	1.0
5387.0	1.0
5391.0	1.0
5392.0	1.0
5396.0	1.0
5397.0	1.0
5398.0	1.0
5400.0	2.0
5402.0	1.0
5406.0	1.0
5409.0	2.0
5411.0	2.0
5423.0	1.0
5425.0	1.0
5430.0	1.0
5431.0	1.0
5435.0	1.0
5436.0	1.0
5441.0	1.0
5443.0	1.0
5453.0	1.0
5454.0	2.0
5457.0	1.0
5461.0	1.0
5462.0	1.0
5472.0	1.0
5473.0	1.0
5488.0	1.0
5497.0	2.0
5498.0	1.0
5499.0	1.0
5505.0	1.0
5506.0	1.0
5508.0	1.0
5510.0	1.0
5513.0	2.0
5516.0	1.0
5524.0	1.0
5527.0	1.0
5532.0	1.0
5538.0	2.0
5556.0	1.0
5557.0	1.0
5559.0	1.0
5563.0	1.0
5565.0	1.0
5568.0	1.0
5572.0	1.0
5574.0	1.0
5575.0	1.0
5576.0	1.0
5577.0	1.0
5587.0	1.0
5591.0	1.0
5592.0	2.0
5593.0	1.0
5604.0	1.0
5611.0	1.0
5614.0	1.0
5618.0	1.0
5631.0	1.0
5634.0	1.0
5648.0	1.0
5649.0	1.0
5660.0	1.0
5678.0	1.0
5685.0	1.0
5688.0	1.0
5689.0	2.0
5691.0	1.0
5695.0	1.0
5697.0	1.0
5712.0	1.0
5720.0	1.0
5722.0	1.0
5723.0	1.0
5724.0	1.0
5726.0	1.0
5740.0	1.0
5744.0	1.0
5762.0	1.0
5765.0	1.0
5766.0	1.0
5770.0	1.0
5771.0	1.0
5772.0	1.0
5778.0	1.0
5779.0	1.0
5788.0	1.0
5790.0	1.0
5810.0	1.0
5817.0	1.0
5818.0	1.0
5823.0	2.0
5828.0	1.0
5832.0	2.0
5900.0	1.0
5908.0	1.0
5913.0	1.0
5972.0	1.0
5989.0	1.0
5990.0	1.0
5992.0	1.0
5999.0	2.0
6001.0	1.0
6006.0	1.0
6007.0	1.0
6019.0	1.0
6028.0	1.0
6031.0	1.0
6036.0	1.0
6045.0	1.0
6094.0	1.0
6117.0	1.0
6119.0	1.0
6122.0	1.0
6130.0	1.0
6132.0	1.0
6142.0	1.0
6151.0	1.0
6153.0	1.0
6154.0	1.0
6156.0	1.0
6161.0	1.0
6163.0	1.0
6166.0	1.0
6167.0	1.0
6168.0	1.0
6170.0	1.0
6176.0	1.0
6180.0	2.0
6185.0	1.0
6186.0	1.0
6220.0	1.0
6224.0	1.0
6235.0	1.0
6238.0	1.0
6279.0	1.0
6280.0	2.0
6283.0	1.0
6288.0	1.0
6290.0	2.0
6293.0	1.0
6301.0	2.0
6319.0	1.0
6320.0	1.0
6321.0	1.0
6326.0	1.0
6327.0	4.0
6339.0	1.0
6341.0	1.0
6345.0	1.0
6352.0	1.0
6355.0	2.0
6359.0	1.0
6365.0	2.0
6369.0	1.0
6374.0	2.0
6381.0	1.0
6387.0	1.0
6389.0	2.0
6394.0	1.0
6395.0	1.0
6397.0	1.0
6401.0	1.0
6415.0	1.0
6420.0	2.0
6423.0	1.0
6425.0	1.0
6447.0	1.0
6450.0	2.0
6451.0	1.0
6458.0	1.0
6463.0	2.0
6465.0	1.0
6466.0	1.0
6469.0	1.0
6474.0	1.0
6475.0	2.0
6483.0	1.0
6484.0	1.0
6491.0	1.0
6492.0	1.0
6510.0	1.0
6517.0	1.0
6525.0	1.0
6526.0	1.0
6528.0	1.0
6530.0	1.0
6536.0	1.0
6540.0	1.0
6541.0	1.0
6549.0	2.0
6550.0	1.0
6560.0	1.0
6561.0	1.0
6568.0	1.0
6581.0	1.0
6584.0	1.0
6585.0	1.0
6589.0	2.0
6615.0	1.0
6617.0	1.0
6636.0	1.0
6640.0	1.0
6662.0	2.0
6665.0	2.0
6666.0	1.0
6667.0	2.0
6673.0	2.0
6681.0	1.0
6685.0	1.0
6687.0	1.0
6697.0	2.0
6702.0	1.0
6703.0	2.0
6708.0	2.0
6711.0	1.0
6712.0	1.0
6727.0	1.0
6741.0	1.0
6747.0	1.0
6752.0	1.0
6756.0	1.0
6759.0	1.0
6761.0	1.0
6769.0	1.0
6780.0	2.0
6788.0	1.0
6789.0	2.0
6791.0	1.0
6793.0	1.0
6794.0	1.0
6803.0	1.0
6826.0	1.0
6834.0	1.0
6838.0	1.0
6842.0	1.0
6863.0	1.0
6864.0	3.0
6865.0	1.0
6867.0	1.0
6872.0	1.0
6889.0	1.0
6892.0	1.0
6893.0	1.0
6898.0	1.0
6900.0	1.0
6902.0	1.0
6915.0	1.0
6918.0	1.0
6921.0	1.0
6924.0	1.0
6932.0	1.0
6940.0	1.0
6943.0	1.0
6950.0	1.0
6951.0	1.0
6956.0	1.0
6957.0	1.0
6972.0	1.0
6984.0	1.0
6987.0	2.0
6990.0	1.0
6994.0	1.0
6997.0	1.0
6999.0	1.0
7000.0	1.0
7006.0	1.0
7007.0	1.0
7009.0	1.0
7011.0	1.0
7013.0	1.0
7019.0	2.0
7020.0	1.0
7021.0	1.0
7025.0	3.0
7026.0	1.0
7029.0	1.0
7033.0	3.0
7034.0	1.0
7035.0	1.0
7041.0	1.0
7043.0	1.0
7045.0	1.0
7047.0	1.0
7049.0	1.0
7071.0	1.0
7074.0	1.0
7089.0	1.0
7091.0	2.0
7093.0	1.0
7098.0	1.0
7100.0	1.0
7106.0	1.0
7109.0	1.0
7112.0	1.0
7114.0	3.0
7115.0	2.0
7116.0	1.0
7133.0	1.0
7136.0	3.0
7143.0	1.0
7147.0	1.0
7158.0	1.0
7160.0	1.0
7164.0	1.0
7188.0	1.0
7191.0	2.0
7208.0	1.0
7209.0	1.0
7217.0	1.0
7219.0	1.0
7239.0	1.0
7251.0	1.0
7261.0	2.0
7264.0	1.0
7270.0	2.0
7278.0	1.0
7279.0	1.0
7281.0	1.0
7283.0	1.0
7284.0	2.0
7285.0	1.0
7286.0	1.0
7297.0	1.0
7310.0	1.0
7311.0	1.0
7332.0	1.0
7333.0	2.0
7336.0	1.0
7337.0	1.0
7340.0	1.0
7365.0	1.0
7379.0	1.0
7383.0	1.0
7385.0	1.0
7404.0	1.0
7407.0	1.0
7410.0	2.0
7412.0	1.0
7422.0	1.0
7424.0	1.0
7426.0	2.0
7427.0	1.0
7430.0	1.0
7434.0	1.0
7452.0	1.0
7457.0	1.0
7462.0	1.0
7515.0	1.0
7581.0	1.0
7604.0	1.0
7606.0	1.0
7624.0	2.0
7626.0	2.0
7633.0	1.0
7635.0	1.0
7639.0	1.0
7666.0	1.0
7668.0	1.0
7670.0	1.0
7673.0	1.0
7690.0	1.0
7702.0	1.0
7711.0	1.0
7741.0	1.0
7746.0	1.0
7750.0	1.0
7752.0	1.0
7756.0	1.0
7762.0	1.0
7765.0	1.0
7771.0	1.0
7775.0	1.0
7776.0	1.0
7778.0	2.0
7786.0	1.0
7787.0	2.0
7788.0	2.0
7793.0	1.0
7794.0	1.0
7795.0	1.0
7801.0	1.0
7803.0	1.0
7813.0	1.0
7814.0	1.0
7817.0	2.0
7819.0	2.0
7820.0	1.0
7827.0	1.0
7831.0	1.0
7845.0	1.0
7848.0	1.0
7855.0	1.0
7859.0	1.0
7882.0	1.0
7893.0	1.0
7899.0	1.0
7900.0	1.0
7902.0	1.0
7904.0	1.0
7908.0	1.0
7910.0	1.0
7912.0	1.0
7914.0	1.0
7916.0	1.0
7917.0	1.0
7920.0	1.0
7926.0	1.0
7931.0	1.0
7936.0	2.0
7942.0	2.0
7943.0	1.0
7948.0	1.0
7949.0	1.0
7952.0	1.0
7957.0	1.0
7959.0	1.0
7960.0	1.0
7976.0	1.0
7988.0	1.0
7991.0	1.0
7997.0	1.0
8004.0	1.0
8020.0	2.0
8023.0	1.0
8026.0	1.0
8030.0	1.0
8039.0	1.0
8053.0	3.0
8056.0	1.0
8062.0	2.0
8069.0	1.0
8080.0	1.0
8081.0	1.0
8089.0	1.0
8093.0	1.0
8096.0	1.0
8103.0	1.0
8110.0	1.0
8120.0	1.0
8121.0	1.0
8122.0	1.0
8131.0	1.0
8140.0	1.0
8141.0	1.0
8146.0	1.0
8149.0	1.0
8152.0	1.0
8153.0	1.0
8159.0	1.0
8170.0	2.0
8185.0	1.0
8201.0	1.0
8215.0	1.0
8220.0	2.0
8227.0	2.0
8229.0	1.0
8230.0	1.0
8234.0	1.0
8242.0	1.0
8246.0	1.0
8251.0	1.0
8253.0	1.0
8258.0	1.0
8265.0	1.0
8272.0	1.0
8280.0	1.0
8287.0	1.0
8289.0	1.0
8291.0	1.0
8302.0	1.0
8304.0	1.0
8306.0	1.0
8309.0	1.0
8310.0	1.0
8320.0	1.0
8323.0	1.0
8331.0	1.0
8336.0	1.0
8337.0	1.0
8347.0	2.0
8350.0	1.0
8352.0	1.0
8367.0	1.0
8383.0	1.0
8393.0	1.0
8396.0	2.0
8397.0	1.0
8398.0	1.0
8403.0	1.0
8406.0	1.0
8407.0	1.0
8410.0	1.0
8419.0	1.0
8421.0	1.0
8426.0	1.0
8428.0	2.0
8435.0	1.0
8436.0	1.0
8440.0	1.0
8451.0	1.0
8453.0	2.0
8473.0	1.0
8474.0	1.0
8477.0	1.0
8480.0	1.0
8499.0	1.0
8518.0	1.0
8531.0	1.0
8532.0	1.0
8536.0	1.0
8551.0	1.0
8556.0	1.0
8564.0	1.0
8568.0	1.0
8608.0	1.0
8619.0	1.0
8632.0	1.0
8650.0	1.0
8659.0	2.0
8662.0	1.0
8672.0	1.0
8690.0	1.0
8738.0	1.0
8742.0	1.0
8744.0	1.0
8748.0	1.0
8752.0	1.0
8754.0	1.0
8755.0	1.0
8756.0	1.0
8766.0	1.0
8768.0	1.0
8776.0	1.0
8780.0	1.0
8794.0	1.0
8796.0	1.0
8818.0	1.0
8823.0	1.0
8824.0	1.0
8826.0	2.0
8834.0	1.0
8842.0	1.0
8848.0	1.0
8861.0	1.0
8864.0	1.0
8866.0	1.0
8876.0	1.0
8880.0	1.0
8888.0	1.0
8900.0	2.0
8906.0	2.0
8912.0	1.0
8914.0	2.0
8916.0	2.0
8922.0	1.0
8933.0	1.0
8935.0	1.0
8936.0	1.0
8939.0	1.0
8944.0	1.0
8946.0	1.0
8952.0	3.0
8953.0	1.0
8958.0	1.0
8959.0	1.0
8960.0	2.0
8962.0	1.0
8986.0	1.0
8987.0	1.0
8990.0	1.0
8991.0	1.0
8992.0	1.0
8994.0	1.0
9008.0	1.0
9015.0	1.0
9017.0	1.0
9026.0	1.0
9035.0	1.0
9036.0	1.0
9042.0	1.0
9044.0	1.0
9046.0	1.0
9067.0	1.0
9070.0	1.0
9072.0	1.0
9073.0	1.0
9094.0	2.0
9104.0	1.0
9107.0	1.0
9118.0	1.0
9121.0	1.0
9122.0	1.0
9123.0	2.0
9125.0	1.0
9127.0	1.0
9128.0	1.0
9133.0	1.0
9135.0	1.0
9144.0	1.0
9152.0	1.0
9154.0	1.0
9160.0	1.0
9162.0	1.0
9169.0	1.0
9174.0	1.0
9175.0	1.0
9177.0	1.0
9178.0	1.0
9180.0	1.0
9182.0	1.0
9183.0	2.0
9187.0	1.0
9192.0	1.0
9196.0	1.0
9200.0	1.0
9201.0	1.0
9205.0	1.0
9217.0	1.0
9225.0	1.0
9234.0	1.0
9240.0	1.0
9243.0	2.0
9257.0	1.0
9265.0	1.0
9270.0	2.0
9271.0	1.0
9272.0	1.0
9273.0	1.0
9277.0	1.0
9278.0	1.0
9281.0	1.0
9289.0	1.0
9302.0	1.0
9307.0	1.0
9312.0	1.0
9315.0	1.0
9317.0	1.0
9321.0	1.0
9361.0	1.0
9365.0	1.0
9367.0	1.0
9414.0	1.0
9433.0	1.0
9440.0	1.0
9446.0	1.0
9447.0	1.0
9451.0	1.0
9455.0	1.0
9458.0	1.0
9460.0	1.0
9462.0	1.0
9463.0	1.0
9466.0	1.0
9468.0	1.0
9486.0	1.0
9491.0	1.0
9492.0	2.0
9494.0	1.0
9505.0	2.0
9507.0	1.0
9508.0	1.0
9510.0	1.0
9514.0	1.0
9515.0	1.0
9516.0	1.0
9529.0	1.0
9531.0	2.0
9535.0	1.0
9536.0	1.0
9538.0	1.0
9543.0	1.0
9545.0	1.0
9547.0	1.0
9549.0	1.0
9550.0	1.0
9555.0	1.0
9557.0	1.0
9562.0	1.0
9566.0	1.0
9572.0	1.0
9575.0	1.0
9578.0	1.0
9584.0	2.0
9586.0	1.0
9587.0	1.0
9588.0	1.0
9590.0	3.0
9597.0	1.0
9598.0	1.0
9606.0	1.0
9611.0	1.0
9615.0	1.0
9623.0	2.0
9632.0	1.0
9636.0	1.0
9650.0	1.0
9655.0	1.0
9660.0	1.0
9674.0	1.0
9691.0	1.0
9693.0	1.0
9694.0	1.0
9697.0	1.0
9701.0	1.0
9702.0	1.0
9704.0	1.0
9724.0	2.0
9732.0	2.0
9747.0	1.0
9750.0	1.0
9757.0	1.0
9761.0	1.0
9776.0	1.0
9781.0	1.0
9786.0	1.0
9801.0	1.0
9808.0	1.0
9811.0	1.0
9816.0	1.0
9824.0	1.0
9827.0	1.0
9828.0	1.0
9835.0	1.0
9836.0	1.0
9852.0	1.0
9853.0	1.0
9854.0	1.0
9858.0	1.0
9864.0	1.0
9865.0	1.0
9871.0	1.0
9873.0	1.0
9875.0	1.0
9883.0	1.0
9890.0	1.0
9891.0	1.0
9899.0	1.0
9904.0	1.0
9927.0	1.0
9929.0	1.0
9940.0	1.0
9949.0	1.0
9951.0	1.0
9955.0	1.0
9958.0	1.0
9960.0	1.0
9962.0	2.0
9969.0	2.0
9980.0	1.0
9981.0	2.0
9984.0	1.0
9985.0	1.0
9995.0	1.0
9997.0	1.0
9998.0	1.0
10004.0	1.0
10010.0	1.0
10011.0	1.0
10021.0	1.0
10026.0	1.0
10030.0	2.0
10041.0	1.0
10055.0	1.0
10058.0	1.0
10065.0	1.0
10068.0	1.0
10072.0	1.0
10078.0	1.0
10079.0	1.0
10082.0	1.0
10085.0	1.0
10094.0	1.0
10096.0	1.0
10098.0	1.0
10100.0	1.0
10106.0	1.0
10108.0	1.0
10111.0	1.0
10118.0	1.0
10119.0	1.0
10121.0	1.0
10124.0	2.0
10128.0	1.0
10129.0	1.0
10130.0	1.0
10146.0	1.0
10147.0	1.0
10157.0	1.0
10159.0	2.0
10165.0	1.0
10167.0	1.0
10169.0	1.0
10172.0	1.0
10173.0	1.0
10182.0	1.0
10192.0	1.0
10201.0	2.0
10209.0	1.0
10212.0	1.0
10213.0	1.0
10216.0	2.0
10223.0	1.0
10225.0	1.0
10228.0	1.0
10231.0	1.0
10243.0	1.0
10253.0	1.0
10259.0	1.0
10262.0	1.0
10277.0	1.0
10278.0	1.0
10280.0	3.0
10281.0	1.0
10285.0	1.0
10290.0	1.0
10293.0	1.0
10301.0	1.0
10307.0	2.0
10312.0	1.0
10319.0	1.0
10329.0	1.0
10330.0	1.0
10337.0	1.0
10338.0	1.0
10340.0	1.0
10349.0	1.0
10350.0	1.0
10352.0	2.0
10355.0	1.0
10358.0	1.0
10362.0	1.0
10364.0	2.0
10365.0	1.0
10366.0	1.0
10367.0	3.0
10369.0	2.0
10373.0	1.0
10375.0	1.0
10377.0	1.0
10378.0	1.0
10384.0	2.0
10387.0	1.0
10390.0	1.0
10396.0	1.0
10399.0	2.0
10400.0	1.0
10401.0	1.0
10412.0	1.0
10415.0	1.0
10416.0	1.0
10417.0	1.0
10422.0	1.0
10428.0	1.0
10432.0	1.0
10433.0	2.0
10437.0	1.0
10438.0	1.0
10443.0	1.0
10444.0	2.0
10449.0	1.0
10450.0	2.0
10451.0	2.0
10454.0	1.0
10456.0	1.0
10457.0	1.0
10458.0	1.0
10461.0	1.0
10463.0	1.0
10466.0	1.0
10468.0	1.0
10470.0	1.0
10480.0	1.0
10481.0	1.0
10484.0	1.0
10487.0	1.0
10493.0	1.0
10500.0	1.0
10507.0	1.0
10511.0	1.0
10529.0	1.0
10531.0	1.0
10539.0	1.0
10545.0	1.0
10547.0	1.0
10554.0	1.0
10563.0	1.0
10566.0	1.0
10567.0	1.0
10570.0	1.0
10574.0	1.0
10585.0	1.0
10586.0	1.0
10587.0	1.0
10598.0	1.0
10606.0	2.0
10610.0	1.0
10624.0	1.0
10625.0	1.0
10628.0	3.0
10631.0	1.0
10632.0	1.0
10636.0	1.0
10645.0	1.0
10647.0	1.0
10648.0	1.0
10649.0	1.0
10651.0	1.0
10652.0	1.0
10653.0	1.0
10656.0	1.0
10666.0	1.0
10676.0	1.0
10677.0	1.0
10678.0	1.0
10679.0	1.0
10691.0	1.0
10692.0	2.0
10697.0	1.0
10699.0	1.0
10700.0	1.0
10701.0	1.0
10702.0	1.0
10704.0	2.0
10707.0	1.0
10712.0	1.0
10713.0	2.0
10717.0	1.0
10718.0	1.0
10720.0	1.0
10721.0	3.0
10722.0	2.0
10723.0	4.0
10725.0	1.0
10726.0	3.0
10728.0	1.0
10729.0	4.0
10730.0	1.0
10735.0	1.0
10737.0	1.0
10738.0	1.0
10746.0	2.0
10747.0	1.0
10748.0	2.0
10751.0	1.0
10752.0	2.0
10753.0	1.0
10754.0	1.0
10755.0	1.0
10757.0	1.0
10758.0	2.0
10760.0	1.0
10763.0	1.0
10765.0	1.0
10767.0	2.0
10768.0	2.0
10769.0	1.0
10770.0	1.0
10773.0	1.0
10774.0	1.0
10777.0	1.0
10783.0	1.0
10784.0	1.0
10786.0	1.0
10790.0	1.0
10791.0	2.0
10792.0	1.0
10796.0	1.0
10799.0	1.0
10801.0	1.0
10805.0	1.0
10806.0	1.0
10808.0	2.0
10812.0	2.0
10814.0	2.0
10816.0	2.0
10818.0	1.0
10819.0	1.0
10822.0	1.0
10826.0	1.0
10827.0	3.0
10829.0	1.0
10830.0	1.0
10833.0	1.0
10835.0	1.0
10844.0	1.0
10845.0	1.0
10846.0	1.0
10848.0	2.0
10849.0	1.0
10852.0	1.0
10854.0	1.0
10856.0	1.0
10858.0	1.0
10861.0	1.0
10868.0	1.0
10869.0	1.0
10870.0	3.0
10871.0	1.0
10877.0	2.0
10878.0	2.0
10880.0	1.0
10885.0	1.0
10886.0	2.0
10887.0	2.0
10889.0	2.0
10890.0	1.0
10891.0	3.0
10893.0	1.0
10895.0	1.0
10897.0	1.0
10898.0	1.0
10901.0	1.0
10902.0	1.0
10905.0	1.0
10906.0	1.0
10910.0	1.0
10913.0	1.0
10917.0	1.0
10923.0	2.0
10925.0	1.0
10929.0	1.0
10934.0	1.0
10940.0	1.0
10942.0	1.0
10943.0	1.0
10945.0	1.0
10947.0	1.0
10948.0	2.0
10950.0	1.0
10951.0	1.0
10952.0	2.0
10954.0	1.0
10956.0	1.0
10964.0	1.0
10966.0	1.0
10970.0	2.0
10980.0	1.0
10981.0	1.0
10987.0	3.0
10989.0	2.0
10990.0	2.0
10991.0	1.0
10995.0	2.0
10997.0	1.0
10998.0	1.0
11000.0	1.0
11004.0	1.0
11006.0	2.0
11007.0	1.0
11012.0	1.0
11019.0	2.0
11023.0	2.0
11025.0	1.0
11026.0	1.0
11027.0	1.0
11028.0	1.0
11034.0	1.0
11040.0	1.0
11046.0	1.0
11047.0	1.0
11052.0	2.0
11056.0	1.0
11061.0	1.0
11062.0	1.0
11065.0	1.0
11068.0	1.0
11072.0	2.0
11074.0	2.0
11076.0	1.0
11084.0	1.0
11092.0	2.0
11095.0	1.0
11098.0	1.0
11100.0	1.0
11102.0	2.0
11112.0	1.0
11114.0	1.0
11115.0	1.0
11117.0	1.0
11120.0	1.0
11124.0	2.0
11125.0	1.0
11126.0	1.0
11128.0	1.0
11129.0	1.0
11130.0	1.0
11135.0	1.0
11136.0	1.0
11137.0	1.0
11139.0	1.0
11141.0	1.0
11150.0	2.0
11154.0	1.0
11155.0	1.0
11158.0	1.0
11161.0	2.0
11163.0	2.0
11164.0	2.0
11165.0	1.0
11166.0	1.0
11168.0	1.0
11169.0	1.0
11172.0	1.0
11184.0	1.0
11189.0	1.0
11196.0	1.0
11198.0	1.0
11202.0	1.0
11203.0	1.0
11206.0	1.0
11207.0	1.0
11209.0	1.0
11212.0	1.0
11215.0	1.0
11216.0	1.0
11220.0	2.0
11223.0	1.0
11225.0	1.0
11230.0	1.0
11238.0	1.0
11240.0	1.0
11241.0	1.0
11245.0	1.0
11246.0	2.0
11248.0	1.0
11253.0	1.0
11257.0	1.0
11258.0	1.0
11262.0	2.0
11267.0	3.0
11268.0	1.0
11269.0	1.0
11270.0	1.0
11273.0	1.0
11280.0	1.0
11288.0	1.0
11300.0	1.0
11305.0	1.0
11306.0	1.0
11307.0	1.0
11308.0	1.0
11311.0	1.0
11313.0	1.0
11319.0	2.0
11322.0	1.0
11325.0	1.0
11326.0	1.0
11328.0	2.0
11336.0	1.0
11342.0	1.0
11343.0	1.0
11347.0	1.0
11349.0	2.0
11353.0	2.0
11355.0	1.0
11360.0	1.0
11361.0	1.0
11364.0	1.0
11371.0	1.0
11376.0	1.0
11381.0	2.0
11385.0	1.0
11387.0	3.0
11391.0	1.0
11393.0	1.0
11396.0	1.0
11397.0	1.0
11400.0	1.0
11401.0	1.0
11404.0	1.0
11405.0	1.0
11406.0	2.0
11407.0	1.0
11413.0	3.0
11415.0	1.0
11426.0	1.0
11427.0	1.0
11429.0	1.0
11430.0	1.0
11431.0	1.0
11434.0	1.0
11435.0	1.0
11436.0	1.0
11446.0	1.0
11448.0	2.0
11453.0	2.0
11455.0	1.0
11463.0	1.0
11467.0	1.0
11469.0	1.0
11472.0	1.0
11483.0	1.0
11485.0	3.0
11486.0	1.0
11489.0	1.0
11492.0	1.0
11497.0	1.0
11498.0	2.0
11501.0	1.0
11502.0	1.0
11507.0	1.0
11515.0	2.0
11521.0	1.0
11524.0	2.0
11525.0	2.0
11529.0	1.0
11530.0	1.0
11531.0	1.0
11532.0	1.0
11533.0	1.0
11535.0	1.0
11539.0	1.0
11540.0	1.0
11544.0	1.0
11545.0	1.0
11554.0	1.0
11558.0	1.0
11561.0	1.0
11565.0	1.0
11572.0	1.0
11584.0	1.0
11585.0	1.0
11588.0	1.0
11589.0	4.0
11590.0	1.0
11591.0	2.0
11595.0	1.0
11599.0	1.0
11603.0	1.0
11605.0	1.0
11610.0	1.0
11616.0	2.0
11619.0	1.0
11624.0	1.0
11631.0	1.0
11632.0	2.0
11639.0	1.0
11640.0	1.0
11642.0	1.0
11646.0	1.0
11649.0	1.0
11653.0	1.0
11658.0	1.0
11659.0	1.0
11662.0	1.0
11671.0	1.0
11675.0	1.0
11676.0	1.0
11678.0	1.0
11679.0	1.0
11689.0	1.0
11698.0	1.0
11699.0	2.0
11700.0	1.0
11707.0	1.0
11711.0	2.0
11712.0	2.0
11714.0	1.0
11722.0	1.0
11730.0	1.0
11733.0	1.0
11734.0	1.0
11735.0	1.0
11739.0	1.0
11747.0	1.0
11756.0	1.0
11766.0	1.0
11768.0	1.0
11777.0	1.0
11778.0	3.0
11784.0	1.0
11793.0	1.0
11800.0	1.0
11802.0	1.0
11804.0	2.0
11809.0	1.0
11810.0	1.0
11812.0	2.0
11815.0	1.0
11822.0	1.0
11831.0	1.0
11836.0	1.0
11837.0	2.0
11840.0	1.0
11841.0	1.0
11848.0	1.0
11852.0	1.0
11873.0	3.0
11878.0	1.0
11883.0	1.0
11900.0	1.0
11904.0	1.0
11907.0	1.0
11908.0	2.0
11912.0	1.0
11916.0	1.0
11921.0	2.0
11925.0	1.0
11937.0	1.0
11939.0	1.0
11943.0	3.0
11946.0	1.0
11947.0	1.0
11949.0	1.0
11950.0	1.0
11956.0	1.0
11959.0	1.0
11962.0	2.0
11963.0	1.0
11964.0	1.0
11965.0	1.0
11967.0	1.0
11971.0	1.0
11977.0	1.0
11978.0	1.0
11979.0	1.0
11984.0	1.0
11985.0	1.0
11987.0	1.0
11992.0	3.0
11996.0	2.0
11997.0	1.0
11998.0	2.0
12000.0	1.0
12002.0	1.0
12003.0	1.0
12011.0	1.0
12012.0	1.0
12013.0	1.0
12014.0	1.0
12015.0	3.0
12016.0	1.0
12017.0	2.0
12019.0	2.0
12020.0	1.0
12024.0	1.0
12026.0	1.0
12029.0	1.0
12031.0	1.0
12033.0	1.0
12034.0	1.0
12035.0	1.0
12037.0	2.0
12038.0	1.0
12040.0	1.0
12043.0	1.0
12044.0	1.0
12052.0	1.0
12053.0	1.0
12057.0	1.0
12059.0	1.0
12066.0	2.0
12070.0	1.0
12071.0	1.0
12072.0	1.0
12082.0	1.0
12084.0	1.0
12088.0	1.0
12090.0	1.0
12095.0	1.0
12096.0	1.0
12097.0	2.0
12098.0	1.0
12099.0	1.0
12100.0	1.0
12101.0	1.0
12104.0	1.0
12107.0	1.0
12108.0	3.0
12111.0	1.0
12116.0	1.0
12121.0	1.0
12127.0	1.0
12129.0	1.0
12131.0	1.0
12141.0	2.0
12149.0	1.0
12150.0	3.0
12151.0	1.0
12153.0	1.0
12154.0	1.0
12157.0	1.0
12160.0	1.0
12161.0	1.0
12162.0	2.0
12167.0	2.0
12168.0	1.0
12170.0	1.0
12173.0	1.0
12174.0	1.0
12176.0	1.0
12177.0	2.0
12178.0	1.0
12182.0	1.0
12184.0	1.0
12189.0	1.0
12190.0	3.0
12191.0	1.0
12193.0	2.0
12194.0	2.0
12195.0	2.0
12197.0	1.0
12198.0	1.0
12201.0	1.0
12206.0	1.0
12207.0	1.0
12212.0	1.0
12213.0	1.0
12214.0	2.0
12215.0	1.0
12218.0	2.0
12219.0	2.0
12222.0	1.0
12223.0	1.0
12226.0	1.0
12229.0	1.0
12237.0	3.0
12238.0	1.0
12239.0	3.0
12241.0	1.0
12245.0	2.0
12248.0	1.0
12251.0	1.0
12253.0	2.0
12256.0	1.0
12258.0	1.0
12262.0	1.0
12265.0	1.0
12266.0	1.0
12267.0	1.0
12268.0	1.0
12272.0	1.0
12281.0	1.0
12282.0	1.0
12283.0	1.0
12286.0	2.0
12287.0	2.0
12288.0	1.0
12289.0	1.0
12292.0	2.0
12293.0	1.0
12296.0	2.0
12297.0	1.0
12298.0	1.0
12299.0	1.0
12303.0	1.0
12304.0	2.0
12308.0	1.0
12311.0	2.0
12325.0	1.0
12326.0	2.0
12328.0	1.0
12330.0	2.0
12331.0	1.0
12332.0	1.0
12333.0	1.0
12336.0	2.0
12338.0	1.0
12339.0	1.0
12340.0	2.0
12341.0	1.0
12344.0	1.0
12345.0	1.0
12346.0	1.0
12348.0	1.0
12353.0	1.0
12355.0	3.0
12356.0	1.0
12357.0	1.0
12362.0	1.0
12364.0	1.0
12368.0	1.0
12371.0	1.0
12374.0	2.0
12378.0	1.0
12379.0	1.0
12380.0	1.0
12381.0	1.0
12385.0	1.0
12386.0	2.0
12387.0	2.0
12389.0	2.0
12390.0	1.0
12391.0	2.0
12394.0	1.0
12396.0	1.0
12397.0	2.0
12399.0	2.0
12400.0	2.0
12401.0	3.0
12403.0	1.0
12404.0	1.0
12405.0	1.0
12406.0	1.0
12407.0	1.0
12408.0	1.0
12409.0	1.0
12414.0	1.0
12417.0	1.0
12421.0	1.0
12426.0	1.0
12428.0	1.0
12429.0	1.0
12432.0	2.0
12433.0	1.0
12434.0	2.0
12436.0	1.0
12437.0	2.0
12439.0	1.0
12442.0	1.0
12443.0	1.0
12444.0	2.0
12445.0	2.0
12446.0	1.0
12449.0	1.0
12450.0	1.0
12452.0	1.0
12461.0	1.0
12464.0	1.0
12465.0	1.0
12466.0	1.0
12471.0	1.0
12475.0	1.0
12476.0	1.0
12481.0	2.0
12482.0	1.0
12486.0	1.0
12488.0	1.0
12490.0	1.0
12492.0	1.0
12493.0	1.0
12495.0	1.0
12501.0	1.0
12506.0	1.0
12508.0	1.0
12509.0	2.0
12510.0	1.0
12514.0	1.0
12517.0	1.0
12519.0	1.0
12522.0	2.0
12523.0	2.0
12524.0	3.0
12525.0	1.0
12527.0	2.0
12529.0	2.0
12530.0	1.0
12532.0	1.0
12533.0	2.0
12536.0	2.0
12542.0	1.0
12544.0	1.0
12546.0	1.0
12548.0	1.0
12550.0	1.0
12552.0	1.0
12555.0	1.0
12558.0	1.0
12559.0	1.0
12561.0	2.0
12567.0	1.0
12568.0	1.0
12571.0	3.0
12573.0	2.0
12575.0	1.0
12576.0	1.0
12577.0	1.0
12579.0	1.0
12580.0	2.0
12581.0	1.0
12582.0	2.0
12585.0	2.0
12586.0	2.0
12587.0	1.0
12589.0	2.0
12590.0	1.0
12591.0	2.0
12592.0	1.0
12594.0	1.0
12596.0	1.0
12600.0	1.0
12601.0	2.0
12604.0	1.0
12608.0	3.0
12609.0	1.0
12610.0	1.0
12612.0	1.0
12616.0	1.0
12617.0	1.0
12621.0	2.0
12622.0	2.0
12623.0	1.0
12627.0	1.0
12631.0	2.0
12633.0	1.0
12634.0	2.0
12635.0	2.0
12638.0	1.0
12642.0	2.0
12643.0	1.0
12644.0	1.0
12648.0	2.0
12649.0	1.0
12651.0	1.0
12652.0	1.0
12655.0	1.0
12658.0	1.0
12660.0	1.0
12664.0	1.0
12665.0	1.0
12666.0	1.0
12669.0	1.0
12670.0	1.0
12674.0	1.0
12675.0	1.0
12676.0	2.0
12677.0	1.0
12680.0	1.0
12683.0	1.0
12685.0	1.0
12686.0	2.0
12687.0	1.0
12692.0	2.0
12695.0	2.0
12696.0	1.0
12697.0	1.0
12698.0	2.0
12700.0	1.0
12701.0	1.0
12706.0	1.0
12708.0	3.0
12709.0	1.0
12710.0	1.0
12711.0	1.0
12712.0	2.0
12713.0	1.0
12714.0	1.0
12717.0	2.0
12718.0	1.0
12720.0	1.0
12724.0	1.0
12725.0	1.0
12726.0	2.0
12728.0	1.0
12731.0	4.0
12732.0	1.0
12733.0	1.0
12735.0	3.0
12739.0	1.0
12740.0	1.0
12742.0	1.0
12744.0	2.0
12745.0	2.0
12746.0	1.0
12748.0	1.0
12750.0	2.0
12752.0	1.0
12753.0	1.0
12759.0	1.0
12760.0	2.0
12764.0	1.0
12767.0	1.0
12770.0	1.0
12774.0	1.0
12777.0	1.0
12778.0	1.0
12780.0	1.0
12782.0	1.0
12784.0	1.0
12786.0	1.0
12787.0	1.0
12792.0	1.0
12794.0	1.0
12795.0	1.0
12796.0	1.0
12808.0	1.0
12809.0	2.0
12811.0	1.0
12812.0	1.0
12813.0	1.0
12818.0	1.0
12819.0	1.0
12820.0	1.0
12821.0	3.0
12822.0	1.0
12834.0	2.0
12836.0	1.0
12841.0	1.0
12842.0	1.0
12843.0	1.0
12844.0	1.0
12845.0	1.0
12846.0	1.0
12848.0	3.0
12852.0	1.0
12856.0	1.0
12859.0	1.0
12861.0	1.0
12862.0	2.0
12863.0	1.0
12864.0	1.0
12865.0	2.0
12868.0	2.0
12870.0	1.0
12873.0	1.0
12874.0	1.0
12876.0	1.0
12877.0	1.0
12878.0	1.0
12879.0	1.0
12882.0	1.0
12884.0	1.0
12885.0	1.0
12886.0	3.0
12887.0	1.0
12890.0	1.0
12891.0	1.0
12894.0	2.0
12897.0	1.0
12898.0	1.0
12900.0	1.0
12901.0	1.0
12902.0	1.0
12904.0	1.0
12905.0	2.0
12906.0	1.0
12909.0	1.0
12910.0	3.0
12911.0	2.0
12912.0	1.0
12913.0	1.0
12914.0	1.0
12915.0	1.0
12917.0	2.0
12918.0	1.0
12919.0	2.0
12924.0	3.0
12926.0	2.0
12928.0	1.0
12932.0	3.0
12934.0	1.0
12936.0	3.0
12937.0	1.0
12944.0	1.0
12947.0	1.0
12948.0	2.0
12950.0	1.0
12953.0	1.0
12954.0	1.0
12957.0	2.0
12959.0	1.0
12961.0	2.0
12962.0	3.0
12964.0	1.0
12967.0	1.0
12970.0	1.0
12973.0	1.0
12976.0	1.0
12977.0	1.0
12979.0	2.0
12982.0	1.0
12983.0	2.0
12984.0	1.0
12985.0	1.0
12986.0	1.0
12988.0	2.0
12991.0	1.0
12992.0	2.0
12993.0	1.0
12994.0	2.0
12996.0	1.0
12999.0	1.0
13004.0	1.0
13006.0	1.0
13007.0	1.0
13008.0	1.0
13010.0	1.0
13012.0	1.0
13017.0	1.0
13018.0	1.0
13019.0	1.0
13022.0	1.0
13025.0	1.0
13026.0	1.0
13027.0	1.0
13028.0	1.0
13030.0	1.0
13032.0	1.0
13033.0	2.0
13034.0	2.0
13036.0	1.0
13038.0	1.0
13039.0	1.0
13042.0	1.0
13046.0	1.0
13047.0	2.0
13049.0	1.0
13050.0	2.0
13051.0	2.0
13055.0	1.0
13057.0	2.0
13058.0	1.0
13059.0	3.0
13060.0	1.0
13065.0	1.0
13068.0	1.0
13072.0	1.0
13076.0	1.0
13078.0	1.0
13080.0	1.0
13083.0	2.0
13084.0	1.0
13088.0	1.0
13090.0	1.0
13092.0	2.0
13097.0	1.0
13098.0	1.0
13100.0	1.0
13105.0	1.0
13107.0	1.0
13109.0	1.0
13112.0	1.0
13114.0	1.0
13119.0	1.0
13121.0	1.0
13122.0	1.0
13131.0	1.0
13133.0	1.0
13140.0	1.0
13146.0	1.0
13151.0	1.0
13152.0	1.0
13154.0	1.0
13155.0	1.0
13157.0	1.0
13163.0	1.0
13164.0	1.0
13170.0	1.0
13174.0	1.0
13176.0	1.0
13178.0	1.0
13180.0	2.0
13181.0	2.0
13182.0	1.0
13183.0	2.0
13185.0	1.0
13186.0	1.0
13187.0	1.0
13188.0	1.0
13190.0	1.0
13194.0	1.0
13197.0	1.0
13198.0	1.0
13199.0	1.0
13201.0	1.0
13206.0	1.0
13208.0	1.0
13210.0	1.0
13212.0	2.0
13216.0	2.0
13218.0	1.0
13221.0	1.0
13222.0	1.0
13223.0	1.0
13225.0	1.0
13230.0	1.0
13231.0	1.0
13234.0	2.0
13237.0	1.0
13241.0	1.0
13244.0	2.0
13245.0	1.0
13249.0	2.0
13251.0	1.0
13252.0	3.0
13254.0	1.0
13261.0	1.0
13264.0	3.0
13267.0	3.0
13270.0	1.0
13272.0	3.0
13284.0	1.0
13285.0	1.0
13286.0	3.0
13289.0	1.0
13292.0	1.0
13293.0	1.0
13296.0	1.0
13297.0	1.0
13299.0	1.0
13300.0	3.0
13306.0	1.0
13307.0	2.0
13308.0	2.0
13309.0	2.0
13312.0	2.0
13314.0	1.0
13317.0	1.0
13318.0	2.0
13320.0	1.0
13322.0	2.0
13326.0	1.0
13328.0	1.0
13330.0	2.0
13338.0	2.0
13339.0	2.0
13340.0	2.0
13341.0	2.0
13344.0	2.0
13345.0	2.0
13346.0	1.0
13348.0	3.0
13349.0	1.0
13350.0	1.0
13351.0	2.0
13352.0	1.0
13353.0	1.0
13356.0	1.0
13361.0	2.0
13362.0	1.0
13365.0	2.0
13366.0	2.0
13369.0	1.0
13370.0	1.0
13371.0	1.0
13372.0	4.0
13373.0	1.0
13374.0	1.0
13375.0	2.0
13376.0	1.0
13378.0	1.0
13383.0	1.0
13385.0	2.0
13386.0	1.0
13387.0	1.0
13388.0	1.0
13389.0	1.0
13390.0	1.0
13392.0	1.0
13393.0	1.0
13394.0	1.0
13395.0	1.0
13397.0	2.0
13398.0	1.0
13400.0	1.0
13401.0	1.0
13405.0	1.0
13407.0	2.0
13409.0	1.0
13411.0	1.0
13417.0	1.0
13419.0	1.0
13422.0	1.0
13425.0	1.0
13426.0	2.0
13427.0	1.0
13431.0	1.0
13436.0	1.0
13437.0	2.0
13441.0	2.0
13443.0	1.0
13444.0	1.0
13445.0	1.0
13449.0	3.0
13450.0	3.0
13456.0	2.0
13457.0	1.0
13460.0	1.0
13462.0	2.0
13464.0	2.0
13466.0	1.0
13468.0	1.0
13472.0	3.0
13473.0	2.0
13474.0	2.0
13476.0	1.0
13477.0	3.0
13478.0	1.0
13482.0	1.0
13485.0	2.0
13488.0	1.0
13491.0	1.0
13492.0	2.0
13494.0	1.0
13495.0	2.0
13497.0	4.0
13498.0	1.0
13499.0	1.0
13501.0	1.0
13504.0	3.0
13508.0	1.0
13509.0	1.0
13510.0	1.0
13511.0	1.0
13513.0	1.0
13515.0	1.0
13518.0	1.0
13519.0	1.0
13520.0	1.0
13521.0	1.0
13523.0	1.0
13525.0	2.0
13527.0	2.0
13529.0	1.0
13533.0	1.0
13534.0	1.0
13535.0	1.0
13537.0	1.0
13538.0	2.0
13539.0	1.0
13540.0	1.0
13542.0	1.0
13543.0	1.0
13547.0	1.0
13548.0	1.0
13551.0	2.0
13555.0	1.0
13557.0	1.0
13558.0	1.0
13559.0	1.0
13562.0	2.0
13563.0	1.0
13566.0	2.0
13573.0	3.0
13577.0	2.0
13579.0	1.0
13581.0	1.0
13583.0	2.0
13584.0	1.0
13586.0	1.0
13595.0	2.0
13599.0	1.0
13600.0	1.0
13601.0	1.0
13603.0	1.0
13606.0	1.0
13608.0	3.0
13614.0	1.0
13617.0	1.0
13629.0	1.0
13630.0	1.0
13631.0	1.0
13633.0	2.0
13635.0	1.0
13636.0	1.0
13638.0	1.0
13639.0	1.0
13640.0	1.0
13641.0	1.0
13644.0	1.0
13645.0	1.0
13646.0	1.0
13651.0	1.0
13652.0	2.0
13654.0	1.0
13658.0	2.0
13661.0	2.0
13662.0	1.0
13663.0	1.0
13665.0	1.0
13669.0	2.0
13673.0	1.0
13683.0	1.0
13687.0	1.0
13693.0	1.0
13695.0	1.0
13696.0	1.0
13698.0	1.0
13699.0	2.0
13700.0	1.0
13707.0	3.0
13715.0	1.0
13720.0	1.0
13725.0	1.0
13733.0	1.0
13737.0	2.0
13739.0	2.0
13740.0	1.0
13746.0	1.0
13748.0	1.0
13749.0	1.0
13752.0	1.0
13757.0	1.0
13758.0	2.0
13777.0	1.0
13779.0	1.0
13792.0	2.0
13793.0	1.0
13797.0	2.0
13801.0	2.0
13802.0	1.0
13805.0	1.0
13806.0	1.0
13809.0	1.0
13813.0	1.0
13814.0	1.0
13815.0	1.0
13818.0	1.0
13823.0	1.0
13825.0	1.0
13826.0	1.0
13827.0	1.0
13829.0	1.0
13834.0	1.0
13838.0	1.0
13840.0	1.0
13841.0	1.0
13843.0	1.0
13850.0	1.0
13855.0	1.0
13856.0	1.0
13858.0	2.0
13860.0	1.0
13861.0	1.0
13863.0	1.0
13865.0	1.0
13868.0	1.0
13870.0	1.0
13873.0	3.0
13875.0	1.0
13877.0	2.0
13880.0	1.0
13882.0	1.0
13886.0	1.0
13888.0	1.0
13891.0	1.0
13896.0	1.0
13897.0	1.0
13898.0	1.0
13899.0	1.0
13901.0	1.0
13902.0	1.0
13910.0	1.0
13915.0	1.0
13919.0	1.0
13924.0	1.0
13927.0	1.0
13936.0	1.0
13937.0	1.0
13942.0	1.0
13943.0	1.0
13945.0	1.0
13947.0	1.0
13952.0	1.0
13953.0	1.0
13955.0	1.0
13965.0	1.0
13966.0	2.0
13968.0	1.0
13972.0	1.0
13975.0	1.0
13978.0	2.0
13979.0	1.0
13981.0	1.0
13986.0	2.0
13989.0	1.0
13999.0	1.0
14004.0	1.0
14008.0	1.0
14010.0	1.0
14012.0	2.0
14013.0	2.0
14014.0	1.0
14015.0	1.0
14018.0	1.0
14023.0	1.0
14025.0	1.0
14027.0	1.0
14031.0	3.0
14032.0	1.0
14033.0	2.0
14035.0	2.0
14037.0	2.0
14038.0	1.0
14040.0	1.0
14041.0	2.0
14044.0	1.0
14045.0	2.0
14046.0	1.0
14048.0	1.0
14050.0	1.0
14052.0	1.0
14054.0	2.0
14055.0	1.0
14059.0	1.0
14063.0	1.0
14064.0	1.0
14066.0	2.0
14069.0	1.0
14070.0	1.0
14072.0	1.0
14074.0	1.0
14075.0	2.0
14083.0	1.0
14085.0	2.0
14088.0	1.0
14089.0	1.0
14091.0	1.0
14092.0	1.0
14099.0	1.0
14104.0	2.0
14105.0	1.0
14108.0	2.0
14119.0	1.0
14120.0	1.0
14122.0	1.0
14123.0	1.0
14125.0	1.0
14126.0	1.0
14130.0	1.0
14132.0	2.0
14134.0	2.0
14138.0	1.0
14139.0	1.0
14145.0	2.0
14146.0	1.0
14147.0	1.0
14148.0	1.0
14149.0	1.0
14150.0	1.0
14152.0	2.0
14160.0	1.0
14162.0	1.0
14167.0	1.0
14169.0	1.0
14171.0	2.0
14172.0	1.0
14176.0	2.0
14177.0	3.0
14178.0	1.0
14184.0	2.0
14185.0	1.0
14189.0	1.0
14190.0	2.0
14191.0	1.0
14194.0	2.0
14200.0	2.0
14207.0	1.0
14214.0	1.0
14221.0	2.0
14224.0	1.0
14227.0	1.0
14228.0	1.0
14235.0	1.0
14237.0	2.0
14241.0	1.0
14243.0	1.0
14249.0	1.0
14250.0	1.0
14257.0	1.0
14258.0	1.0
14260.0	1.0
14261.0	1.0
14263.0	1.0
14267.0	3.0
14269.0	2.0
14271.0	1.0
14279.0	1.0
14284.0	1.0
14285.0	1.0
14289.0	1.0
14290.0	1.0
14292.0	1.0
14294.0	2.0
14296.0	2.0
14298.0	1.0
14301.0	1.0
14303.0	1.0
14305.0	1.0
14311.0	1.0
14312.0	1.0
14313.0	2.0
14314.0	1.0
14316.0	1.0
14317.0	2.0
14318.0	1.0
14321.0	1.0
14324.0	1.0
14325.0	1.0
14326.0	1.0
14327.0	1.0
14328.0	1.0
14335.0	1.0
14336.0	1.0
14337.0	1.0
14338.0	1.0
14340.0	1.0
14343.0	1.0
14346.0	1.0
14359.0	2.0
14361.0	2.0
14362.0	1.0
14367.0	1.0
14373.0	1.0
14381.0	1.0
14383.0	2.0
14384.0	2.0
14385.0	1.0
14388.0	1.0
14395.0	1.0
14401.0	1.0
14402.0	1.0
14416.0	1.0
14419.0	1.0
14421.0	1.0
14423.0	2.0
14424.0	1.0
14425.0	2.0
14428.0	1.0
14431.0	1.0
14434.0	1.0
14435.0	1.0
14437.0	1.0
14438.0	1.0
14443.0	1.0
14445.0	2.0
14448.0	1.0
14453.0	1.0
14460.0	1.0
14461.0	1.0
14466.0	2.0
14467.0	1.0
14468.0	1.0
14470.0	1.0
14471.0	2.0
14473.0	2.0
14474.0	1.0
14475.0	1.0
14478.0	1.0
14485.0	2.0
14488.0	1.0
14489.0	2.0
14491.0	1.0
14493.0	1.0
14494.0	1.0
14496.0	1.0
14497.0	1.0
14500.0	1.0
14503.0	1.0
14506.0	1.0
14508.0	1.0
14512.0	1.0
14513.0	1.0
14515.0	2.0
14518.0	1.0
14519.0	1.0
14520.0	1.0
14522.0	1.0
14524.0	2.0
14526.0	1.0
14529.0	1.0
14533.0	1.0
14534.0	1.0
14538.0	1.0
14540.0	1.0
14543.0	1.0
14546.0	2.0
14547.0	1.0
14551.0	2.0
14553.0	1.0
14558.0	1.0
14561.0	1.0
14564.0	1.0
14566.0	2.0
14571.0	2.0
14575.0	1.0
14577.0	1.0
14584.0	1.0
14585.0	1.0
14586.0	1.0
14593.0	1.0
14597.0	1.0
14599.0	1.0
14600.0	2.0
14601.0	2.0
14602.0	2.0
14603.0	1.0
14604.0	2.0
14605.0	3.0
14610.0	1.0
14611.0	1.0
14614.0	1.0
14619.0	1.0
14621.0	1.0
14626.0	1.0
14628.0	1.0
14632.0	1.0
14633.0	1.0
14635.0	4.0
14639.0	1.0
14642.0	1.0
14644.0	1.0
14645.0	1.0
14654.0	1.0
14656.0	1.0
14658.0	1.0
14660.0	1.0
14671.0	1.0
14674.0	2.0
14677.0	1.0
14678.0	1.0
14679.0	1.0
14684.0	1.0
14685.0	1.0
14686.0	1.0
14688.0	2.0
14689.0	1.0
14690.0	1.0
14692.0	2.0
14695.0	1.0
14697.0	1.0
14698.0	1.0
14699.0	1.0
14703.0	2.0
14705.0	1.0
14707.0	2.0
14713.0	1.0
14714.0	3.0
14715.0	1.0
14718.0	1.0
14722.0	1.0
14723.0	1.0
14727.0	1.0
14746.0	1.0
14748.0	3.0
14750.0	1.0
14753.0	2.0
14754.0	2.0
14755.0	1.0
14756.0	1.0
14761.0	1.0
14769.0	1.0
14772.0	1.0
14776.0	1.0
14778.0	1.0
14782.0	1.0
14785.0	1.0
14794.0	1.0
14795.0	1.0
14799.0	1.0
14803.0	1.0
14806.0	1.0
14808.0	1.0
14815.0	1.0
14819.0	1.0
14820.0	2.0
14822.0	1.0
14833.0	1.0
14867.0	1.0
14881.0	1.0
14886.0	2.0
14891.0	1.0
14898.0	1.0
14899.0	1.0
14900.0	1.0
14901.0	1.0
14905.0	1.0
14912.0	1.0
14915.0	2.0
14917.0	1.0
14927.0	1.0
14930.0	1.0
14931.0	1.0
14932.0	1.0
14936.0	1.0
14937.0	2.0
14950.0	1.0
14953.0	1.0
14954.0	1.0
14962.0	1.0
14963.0	1.0
14967.0	1.0
14969.0	1.0
14973.0	1.0
14976.0	1.0
14981.0	1.0
14984.0	3.0
14985.0	3.0
14987.0	1.0
14989.0	1.0
14991.0	1.0
14998.0	1.0
15004.0	1.0
15017.0	1.0
15026.0	1.0
15030.0	1.0
15031.0	2.0
15078.0	1.0
15084.0	1.0
15089.0	1.0
15090.0	1.0
15094.0	1.0
15107.0	1.0
15116.0	2.0
15120.0	2.0
15121.0	1.0
15125.0	1.0
15127.0	1.0
15130.0	2.0
15138.0	1.0
15140.0	1.0
15141.0	1.0
15144.0	1.0
15148.0	1.0
15166.0	2.0
15173.0	1.0
15175.0	1.0
15177.0	2.0
15181.0	1.0
15182.0	1.0
15185.0	1.0
15188.0	1.0
15189.0	1.0
15190.0	1.0
15193.0	1.0
15195.0	1.0
15198.0	1.0
15201.0	1.0
15208.0	1.0
15215.0	2.0
15222.0	1.0
15226.0	1.0
15233.0	1.0
15235.0	1.0
15238.0	1.0
15248.0	1.0
15254.0	1.0
15259.0	1.0
15260.0	1.0
15262.0	1.0
15269.0	1.0
15273.0	1.0
15280.0	2.0
15281.0	1.0
15282.0	1.0
15294.0	1.0
15299.0	1.0
15306.0	1.0
15326.0	1.0
15327.0	1.0
15332.0	1.0
15334.0	1.0
15335.0	1.0
15337.0	1.0
15339.0	1.0
15340.0	1.0
15342.0	1.0
15343.0	1.0
15344.0	1.0
15345.0	1.0
15350.0	1.0
15356.0	1.0
15358.0	1.0
15359.0	1.0
15360.0	1.0
15364.0	1.0
15365.0	1.0
15367.0	1.0
15369.0	1.0
15377.0	1.0
15379.0	1.0
15384.0	1.0
15409.0	1.0
15413.0	1.0
15414.0	1.0
15421.0	1.0
15429.0	1.0
15431.0	1.0
15440.0	1.0
15447.0	1.0
15456.0	1.0
15457.0	1.0
15460.0	1.0
15462.0	1.0
15468.0	1.0
15470.0	1.0
15476.0	1.0
15491.0	1.0
15497.0	1.0
15502.0	1.0
15503.0	2.0
15504.0	1.0
15524.0	1.0
15525.0	1.0
15527.0	1.0
15528.0	1.0
15532.0	1.0
15539.0	1.0
15548.0	2.0
15549.0	1.0
15564.0	1.0
15565.0	1.0
15569.0	1.0
15578.0	1.0
15586.0	1.0
15587.0	1.0
15592.0	1.0
15599.0	1.0
15607.0	1.0
15615.0	1.0
15616.0	1.0
15617.0	1.0
15623.0	1.0
15628.0	1.0
15631.0	1.0
15634.0	1.0
15643.0	1.0
15647.0	2.0
15649.0	1.0
15650.0	3.0
15654.0	1.0
15658.0	2.0
15659.0	1.0
15661.0	1.0
15666.0	1.0
15670.0	1.0
15673.0	1.0
15679.0	1.0
15684.0	1.0
15687.0	1.0
15696.0	1.0
15698.0	1.0
15709.0	1.0
15711.0	2.0
15712.0	1.0
15714.0	1.0
15717.0	2.0
15719.0	1.0
15722.0	1.0
15732.0	1.0
15735.0	1.0
15744.0	1.0
15745.0	1.0
15751.0	1.0
15752.0	1.0
15753.0	1.0
15760.0	1.0
15762.0	1.0
15763.0	1.0
15772.0	2.0
15778.0	1.0
15782.0	1.0
15786.0	1.0
15787.0	1.0
15791.0	2.0
15792.0	1.0
15797.0	1.0
15798.0	2.0
15804.0	2.0
15806.0	1.0
15807.0	1.0
15809.0	1.0
15813.0	1.0
15817.0	1.0
15828.0	1.0
15838.0	1.0
15843.0	2.0
15845.0	2.0
15850.0	1.0
15854.0	1.0
15858.0	1.0
15872.0	2.0
15881.0	1.0
15888.0	2.0
15889.0	2.0
15892.0	1.0
15898.0	1.0
15903.0	1.0
15907.0	2.0
15908.0	1.0
15915.0	1.0
15920.0	3.0
15922.0	2.0
15926.0	1.0
15927.0	1.0
15930.0	1.0
15937.0	2.0
15938.0	1.0
15948.0	1.0
15949.0	1.0
15950.0	1.0
15951.0	2.0
15952.0	2.0
15954.0	1.0
15957.0	1.0
15958.0	1.0
15959.0	2.0
15961.0	1.0
15964.0	1.0
15966.0	1.0
15967.0	1.0
15968.0	1.0
15970.0	1.0
15971.0	1.0
15972.0	2.0
15975.0	1.0
15976.0	1.0
15977.0	1.0
15981.0	1.0
15982.0	1.0
15983.0	1.0
15985.0	1.0
15987.0	2.0
15991.0	1.0
15996.0	1.0
16003.0	2.0
16004.0	1.0
16007.0	1.0
16009.0	1.0
16013.0	2.0
16021.0	1.0
16025.0	1.0
16030.0	1.0
16031.0	1.0
16035.0	1.0
16038.0	1.0
16039.0	1.0
16041.0	1.0
16050.0	1.0
16052.0	1.0
16056.0	1.0
16061.0	1.0
16067.0	1.0
16073.0	1.0
16074.0	2.0
16076.0	1.0
16081.0	1.0
16083.0	1.0
16094.0	3.0
16096.0	2.0
16097.0	2.0
16099.0	2.0
16102.0	1.0
16107.0	1.0
16115.0	1.0
16118.0	1.0
16120.0	1.0
16121.0	2.0
16127.0	1.0
16129.0	1.0
16131.0	1.0
16136.0	1.0
16138.0	1.0
16141.0	1.0
16142.0	2.0
16145.0	1.0
16147.0	2.0
16149.0	1.0
16150.0	1.0
16154.0	2.0
16159.0	1.0
16161.0	1.0
16164.0	1.0
16166.0	1.0
16167.0	1.0
16168.0	1.0
16169.0	1.0
16172.0	1.0
16173.0	1.0
16174.0	1.0
16176.0	1.0
16178.0	2.0
16180.0	1.0
16182.0	1.0
16190.0	1.0
16192.0	1.0
16195.0	1.0
16197.0	1.0
16199.0	1.0
16208.0	1.0
16210.0	1.0
16212.0	1.0
16213.0	1.0
16216.0	2.0
16217.0	1.0
16221.0	1.0
16234.0	2.0
16236.0	1.0
16237.0	1.0
16239.0	1.0
16240.0	1.0
16242.0	1.0
16243.0	1.0
16245.0	1.0
16246.0	1.0
16249.0	1.0
16263.0	2.0
16267.0	1.0
16272.0	2.0
16273.0	1.0
16275.0	1.0
16281.0	1.0
16282.0	1.0
16285.0	1.0
16292.0	1.0
16295.0	1.0
16297.0	1.0
16298.0	1.0
16304.0	1.0
16314.0	2.0
16321.0	1.0
16323.0	1.0
16331.0	1.0
16339.0	1.0
16340.0	1.0
16342.0	1.0
16345.0	1.0
16351.0	2.0
16352.0	1.0
16356.0	1.0
16362.0	1.0
16365.0	1.0
16366.0	1.0
16367.0	1.0
16369.0	2.0
16370.0	1.0
16373.0	2.0
16382.0	2.0
16383.0	1.0
16385.0	1.0
16397.0	1.0
16401.0	1.0
16410.0	1.0
16419.0	1.0
16425.0	1.0
16429.0	1.0
16430.0	1.0
16433.0	1.0
16438.0	1.0
16440.0	1.0
16450.0	1.0
16456.0	1.0
16460.0	1.0
16462.0	1.0
16468.0	1.0
16470.0	1.0
16473.0	1.0
16474.0	1.0
16477.0	1.0
16486.0	1.0
16497.0	1.0
16502.0	1.0
16504.0	1.0
16507.0	1.0
16513.0	1.0
16514.0	1.0
16516.0	1.0
16518.0	1.0
16520.0	2.0
16522.0	1.0
16528.0	1.0
16529.0	1.0
16535.0	1.0
16540.0	1.0
16541.0	1.0
16543.0	1.0
16547.0	1.0
16548.0	1.0
16550.0	1.0
16551.0	1.0
16553.0	1.0
16555.0	1.0
16557.0	1.0
16559.0	1.0
16561.0	1.0
16567.0	2.0
16571.0	1.0
16572.0	1.0
16576.0	1.0
16577.0	1.0
16585.0	1.0
16587.0	2.0
16591.0	2.0
16592.0	1.0
16603.0	2.0
16605.0	1.0
16606.0	1.0
16614.0	1.0
16617.0	2.0
16624.0	1.0
16628.0	1.0
16629.0	1.0
16630.0	1.0
16635.0	1.0
16636.0	1.0
16637.0	1.0
16638.0	2.0
16644.0	2.0
16646.0	1.0
16648.0	1.0
16649.0	1.0
16650.0	1.0
16651.0	2.0
16656.0	1.0
16657.0	2.0
16658.0	1.0
16663.0	1.0
16668.0	1.0
16671.0	1.0
16673.0	1.0
16674.0	1.0
16675.0	1.0
16676.0	2.0
16678.0	1.0
16680.0	1.0
16681.0	1.0
16682.0	1.0
16685.0	1.0
16687.0	1.0
16688.0	1.0
16689.0	2.0
16691.0	1.0
16694.0	1.0
16699.0	4.0
16700.0	1.0
16702.0	1.0
16705.0	1.0
16706.0	1.0
16707.0	3.0
16708.0	3.0
16719.0	1.0
16721.0	2.0
16722.0	1.0
16730.0	1.0
16734.0	2.0
16739.0	1.0
16744.0	1.0
16757.0	2.0
16766.0	1.0
16770.0	1.0
16774.0	1.0
16776.0	1.0
16778.0	1.0
16783.0	1.0
16784.0	1.0
16787.0	1.0
16791.0	2.0
16793.0	1.0
16798.0	1.0
16802.0	1.0
16808.0	2.0
16811.0	2.0
16813.0	1.0
16818.0	1.0
16820.0	2.0
16821.0	1.0
16830.0	1.0
16843.0	1.0
16845.0	1.0
16850.0	1.0
16852.0	1.0
16856.0	1.0
16859.0	1.0
16877.0	1.0
16879.0	1.0
16883.0	1.0
16888.0	1.0
16893.0	1.0
16897.0	1.0
16904.0	1.0
16906.0	1.0
16908.0	1.0
16911.0	2.0
16912.0	1.0
16914.0	3.0
16916.0	1.0
16926.0	1.0
16927.0	1.0
16932.0	1.0
16933.0	1.0
16934.0	1.0
16935.0	1.0
16937.0	2.0
16942.0	1.0
16944.0	2.0
16946.0	1.0
16949.0	1.0
16953.0	1.0
16955.0	1.0
16962.0	2.0
16966.0	1.0
16969.0	1.0
16973.0	1.0
16975.0	1.0
16976.0	1.0
16983.0	1.0
16984.0	2.0
16992.0	1.0
16998.0	1.0
17010.0	1.0
17012.0	1.0
17014.0	1.0
17024.0	1.0
17032.0	1.0
17036.0	1.0
17040.0	1.0
17041.0	2.0
17042.0	1.0
17047.0	1.0
17056.0	1.0
17057.0	1.0
17071.0	1.0
17078.0	1.0
17080.0	1.0
17115.0	1.0
17116.0	1.0
17129.0	1.0
17132.0	1.0
17136.0	1.0
17154.0	2.0
17155.0	1.0
17156.0	1.0
17159.0	1.0
17163.0	1.0
17182.0	1.0
17186.0	1.0
17210.0	1.0
17211.0	2.0
17218.0	1.0
17221.0	1.0
17227.0	1.0
17228.0	1.0
17229.0	1.0
17240.0	1.0
17246.0	1.0
17253.0	2.0
17258.0	1.0
17262.0	1.0
17265.0	1.0
17267.0	1.0
17269.0	1.0
17274.0	2.0
17287.0	1.0
17288.0	1.0
17296.0	1.0
17298.0	1.0
17301.0	1.0
17302.0	2.0
17306.0	1.0
17308.0	1.0
17311.0	1.0
17323.0	1.0
17326.0	1.0
17328.0	1.0
17334.0	1.0
17338.0	1.0
17351.0	1.0
17355.0	1.0
17368.0	1.0
17372.0	1.0
17377.0	1.0
17389.0	1.0
17390.0	1.0
17394.0	1.0
17400.0	1.0
17416.0	1.0
17417.0	1.0
17419.0	2.0
17422.0	1.0
17427.0	1.0
17429.0	1.0
17431.0	1.0
17432.0	1.0
17434.0	1.0
17442.0	1.0
17444.0	1.0
17445.0	1.0
17447.0	1.0
17451.0	1.0
17456.0	1.0
17462.0	1.0
17470.0	1.0
17472.0	1.0
17483.0	1.0
17484.0	1.0
17487.0	1.0
17489.0	1.0
17490.0	1.0
17499.0	2.0
17509.0	1.0
17510.0	1.0
17518.0	1.0
17534.0	1.0
17552.0	1.0
17554.0	1.0
17560.0	1.0
17573.0	2.0
17576.0	1.0
17581.0	1.0
17582.0	1.0
17607.0	1.0
17622.0	1.0
17632.0	1.0
17662.0	1.0
17676.0	1.0
17691.0	1.0
17699.0	1.0
17719.0	1.0
17724.0	1.0
17789.0	1.0
17793.0	1.0
17794.0	1.0
17807.0	1.0
17813.0	1.0
17853.0	1.0
17859.0	1.0
17860.0	1.0
17866.0	1.0
17881.0	1.0
17904.0	1.0
17905.0	1.0
17921.0	1.0
17947.0	1.0
17988.0	1.0
17997.0	1.0
18002.0	1.0
18003.0	1.0
18005.0	1.0
18006.0	1.0
18016.0	1.0
18021.0	1.0
18097.0	1.0
18105.0	1.0
18117.0	1.0
18133.0	1.0
18151.0	1.0
18173.0	1.0
18177.0	1.0
18182.0	1.0
18187.0	1.0
18193.0	1.0
18199.0	1.0
18228.0	1.0
18242.0	1.0
18252.0	1.0
18253.0	1.0
18259.0	2.0
18339.0	1.0
18340.0	1.0
18346.0	1.0
18383.0	1.0
18408.0	1.0
18490.0	1.0
18533.0	1.0
18622.0	1.0
18808.0	1.0
18886.0	1.0
18887.0	1.0
18894.0	1.0
18910.0	1.0
18954.0	1.0
19017.0	1.0
19796.0	1.0
19813.0	1.0
20167.0	1.0
20289.0	1.0
20345.0	1.0
20389.0	1.0
20400.0	1.0
20503.0	1.0
20524.0	1.0
21298.0	1.0
21305.0	1.0
21401.0	1.0
21511.0	1.0
21533.0	1.0
21591.0	1.0
21746.0	1.0
21773.0	1.0
22028.0	1.0
