# Position (bp)	A	C	G	T	N
0.0	34.01774855948371	19.15158155672895	30.77867530782172	16.051994575965622	0.0
1.0	26.146628591409755	15.21378479709385	12.016823047186122	46.622763564310276	0.0
2.0	36.209979440047064	14.18248462857154	11.878566200524581	37.72896973085682	0.0
3.0	23.45623184130391	15.490762718607895	9.084539707985847	51.96807757026215	3.88161840197652E-4
4.0	43.883845719748905	6.4980927318247135	6.86131726586756	42.756550355952285	1.939266065364902E-4
5.0	51.862928469671566	8.387103026544041	15.983214939866455	23.765590626726237	0.001162937191700505
6.0	38.24136902109257	10.753604879617754	16.79286813174038	34.2121579675493	0.0
7.0	45.52977314227353	12.978939061000897	14.797205286125466	26.694082510600104	0.0
8.0	19.079344328238136	27.07450182560802	18.337884460672072	35.508269385481775	0.0
9.0	36.81034599394255	13.28349237212952	7.43710123526467	42.46906039866326	0.0
10.0	33.33700421378435	9.44633462586966	21.836328964985597	35.35328360256344	0.027048592796959738
11.0	31.179869150249278	13.104871033604859	11.082630052946438	44.632629763199425	0.0
12.0	30.61998147004324	16.67406578134651	17.499613959234097	35.206338789376154	0.0
13.0	29.43418657927699	21.35064143019537	12.73364869272531	36.481523297802326	0.0
14.0	43.22054170846516	14.450574890037812	14.404467937340845	27.924415464156183	0.0
15.0	43.45562563894836	10.766738035993287	11.533861852130471	34.24377447292788	0.0
16.0	42.08797905040322	10.446065972717701	11.017243307660564	36.44871166921851	0.0
17.0	38.60657839683632	12.667241249660165	12.671097511361513	36.055082842142	0.0
18.0	38.715087352701346	11.718350910538419	13.261456668703579	36.30510506805665	0.0
19.0	37.84112529662021	14.009727022655905	12.120610454525302	36.02853722619857	0.0
20.0	37.41199390467372	11.11316860521189	12.50448469417279	38.970352795941594	0.0
21.0	33.87279691713053	13.791134821535339	12.592048264342942	39.74401999699119	0.0
22.0	37.304153581177815	13.496281170264085	11.55055535428174	37.649009894276354	0.0
23.0	38.50451208098299	12.070519068556115	12.098616631044125	37.32635221941677	0.0
24.0	37.50603378921963	13.135922612412642	12.916089135302272	36.44195446306546	0.0
25.0	38.18116224535515	11.586183086325647	12.351160169986288	37.88149449833292	0.0
26.0	37.25061417903926	12.638202421758931	13.595253585543245	36.515929813658566	0.0
27.0	34.62355187976352	12.732772639051598	12.67681977933591	39.96685570184897	0.0
28.0	38.403667476431565	11.887206038810366	11.563753911864644	38.14537257289343	0.0
29.0	34.66003510369601	11.869291271166322	13.282584752853635	40.18808887228404	0.0
30.0	36.865365791004926	12.41760872145861	12.526588032903968	38.190437454632495	0.0
31.0	36.38147941172461	11.862086691369612	11.971127540797829	39.78530635610794	0.0
32.0	36.186689276769094	11.656677289516514	13.123800056525257	39.032833377189135	0.0
33.0	37.92769673610773	12.642045177343025	12.114358198760794	37.315899887788454	0.0
34.0	37.77503650862229	10.666578042434065	12.258881809811093	39.29950363913255	0.0
35.0	39.02750343083227	12.299704977790132	10.921694801775224	37.75109678960238	0.0
36.0	37.758383546645895	12.977696852209025	12.732827243313666	36.53109235783141	0.0
37.0	36.45682661467832	11.680672599207597	11.313557323438777	40.548943462675304	0.0
38.0	38.90855080019279	11.921151254635413	11.75294846699389	37.417349478177904	0.0
39.0	35.10120652274513	11.759215317147904	12.427755339951124	40.71182282015584	0.0
40.0	36.69221156537405	11.680089564830036	11.979887334381937	39.64781153541398	0.0
41.0	37.91265539066126	12.144119592799944	12.773680105058405	37.16954491148039	0.0
42.0	39.43148224673384	11.027249753647606	11.551145935980164	37.99012206363839	0.0
43.0	39.445810553791546	11.998352710864946	11.778515211561263	36.77732152378224	0.0
44.0	36.69917335951393	11.777087859676234	13.344140132589072	38.17959864822076	0.0
45.0	38.00452475158715	11.995774240808474	11.811993581629906	38.187707425974466	0.0
46.0	39.334994384476815	11.763074793183174	12.210521276150086	36.691409546189924	0.0
47.0	37.6924044793021	13.034673249411327	11.297116254546108	37.975806016740464	0.0
48.0	36.37183123364774	12.214553689390442	12.83316643780993	38.580448639151896	0.0
49.0	35.13095778438504	12.79425261385699	12.27318079752381	39.80160880423416	0.0
50.0	37.59084505914934	12.930813683587058	12.103603387280092	37.37473786998351	0.0
51.0	36.74142017643511	13.174128994383969	11.376117746294883	38.70833308288603	0.0
52.0	39.137633473179086	13.059575090752743	11.942880394801987	35.85991104126619	0.0
53.0	36.00539334499751	13.29194690123437	11.787107337196423	38.9155524165717	0.0
54.0	36.92086192251854	12.52321773162009	13.122009305164827	37.43391104069654	0.0
55.0	38.22949316723732	12.142353075999782	11.76115790045096	37.86699585631194	0.0
56.0	38.02334708664587	13.534869678977559	12.756968904095803	35.684814330280766	0.0
57.0	38.08363751306144	12.781387220626103	12.431672810660954	36.7033024556515	0.0
58.0	39.01732415449302	11.902876748482448	12.014489512630979	37.06530958439355	0.0
59.0	37.10750897957374	12.25414511636157	11.548679166179559	39.08966673788513	0.0
60.0	36.70919294279139	12.590536557794016	11.484315071258427	39.215955428156164	0.0
61.0	37.638278695481716	14.217697247965985	10.31153881907872	37.83248523747358	0.0
62.0	37.520541881181515	12.450654004984628	12.3453421221254	37.683461991708455	0.0
63.0	39.00611215531875	12.844832993094741	12.524354541426494	35.624700310160016	0.0
64.0	38.334186963149506	11.304757990886067	12.890080146729854	37.47097489923456	0.0
65.0	37.0499562960995	12.170978582046722	13.743304988328726	37.035557331202554	2.028023224921972E-4
66.0	35.87455234970725	13.882031459360256	13.149955742510738	37.091633304369715	0.0018271440520370628
67.0	36.02405599520505	14.505114946615603	11.024919491654561	38.44590956652478	0.0
68.0	38.5899377076834	10.939668925991038	12.73872793602081	37.73024276728282	0.001422663021939496
69.0	34.09537341049405	12.5670457529378	13.428284707563472	39.90929612900468	0.0
70.0	37.55265396375979	11.739411581118212	12.498852577060925	38.20908187806107	0.0
71.0	40.623270536580385	12.05963138816562	12.078215142696687	35.23888293255731	0.0
72.0	37.23810517315791	14.195042228399494	11.494429205811544	37.07242339263105	0.0
73.0	37.67696452112111	12.739398504859617	11.757649698269862	37.82598727574941	0.0
74.0	36.14105384776116	11.732568001081626	13.745252522769455	38.3807159216149	4.0970677286266224E-4
75.0	35.31734068363553	12.31934437929528	13.038993107040827	39.32432183002837	0.0
76.0	38.951401608173924	12.976476965659984	12.959023596954488	35.1130978292116	0.0
77.0	35.10090764360726	12.323110414525592	12.605268740358733	39.97071320150841	0.0
78.0	36.84553381846668	13.156115360036283	12.569626254921767	37.42872456657527	0.0
79.0	36.47779523592239	13.315632013511367	12.316319556999007	37.89025319356723	0.0
80.0	37.37972025659679	10.59061074003042	12.879852522981283	39.14981648039151	0.0
81.0	38.989048717179756	13.551876402519106	11.809185013598618	35.649889866702516	0.0
82.0	36.438490030082626	12.330151158481417	10.613184597197119	40.618174214238834	0.0
83.0	37.564545673057	14.052722314775675	11.980422872582905	36.40230913958442	0.0
84.0	36.217115567735554	13.78257324766767	11.643490329420015	38.356820855176764	0.0
85.0	37.60500446827525	12.985015690920049	11.771930918386433	37.63804892241827	0.0
86.0	36.31962317898998	13.324295959419274	12.934689355889287	37.42139150570146	0.0
87.0	36.173298740270695	12.39932064226397	13.251226907567753	38.17615370989758	0.0
88.0	38.60533957376098	12.134389084540121	13.011792654693785	36.24826993050496	2.0875650015552357E-4
89.0	37.64026261134734	11.907864327230973	10.818391160396637	39.63348190102505	0.0
90.0	36.95918794474676	12.618459606529928	13.735872750104647	36.686270406027624	2.092925910422771E-4
91.0	35.14685761293202	12.342848925610047	12.755856223552625	39.754437237905314	0.0
92.0	36.34021109687801	11.511237679839931	12.426767168824568	39.720301929937854	0.0014821245196328565
93.0	38.35868722104719	12.768568243566866	11.491902156175428	37.38063044924913	2.11929961386361E-4
94.0	37.685942344873844	11.842370553990929	12.213777720239143	38.25790938089609	0.0
95.0	39.25427272785226	12.417100686143888	12.729892201674028	35.59873438432983	0.0
96.0	36.45655732296303	12.366459984291287	13.695101989557326	37.48188070318836	0.0
97.0	36.96077783908496	12.432600558581857	11.836311229370072	38.7703103729631	0.0
98.0	36.18341882238476	11.367341190929341	13.340559362971435	39.10868062371446	0.0
99.0	38.41364964376634	11.758914384322301	10.953330827453058	38.874105144458305	0.0
100.0	37.999503917342366	11.805484279311642	11.112679188477196	39.08233261486879	0.0
101.0	35.35857064241007	10.87135738864728	13.240700888851773	40.529371080090876	0.0
102.0	36.05269135654313	13.16555303637478	14.194393132208416	36.58736247487367	0.0
103.0	35.93849560085216	12.414371622331924	11.957829968269497	39.68930280854642	0.0
104.0	34.617127614105705	12.838085992452733	12.42270709344307	40.1220792999985	0.0
105.0	36.10887393589843	12.222337689329974	12.891974747343534	38.776597126601025	2.1650082703315927E-4
106.0	36.363182827792045	12.03841882418269	13.953286596793227	37.645111751232044	0.0
107.0	37.876046610123474	12.47048858095414	11.49137191446847	38.16209289445391	0.0
108.0	37.91476715646312	12.768186927021851	10.835088817727458	38.481739701339386	2.1739744818875315E-4
109.0	36.004316740860645	11.36016501090064	12.736343737897243	39.89917451034147	0.0
110.0	35.79506201359482	11.411983410736818	12.040074010953447	40.75288056471491	0.0
111.0	34.68649666820179	12.728713268916387	13.540436658729138	39.04435340415269	0.0
112.0	37.452342986134354	11.474868375866466	12.479958352746117	38.592830285253065	0.0
113.0	35.81269633192234	12.906994841937047	12.325644100232584	38.95466472590803	0.0
114.0	36.031106876095045	12.648475613772389	13.012282034505624	38.30813547562695	0.0
115.0	35.92156033616999	12.455071621121624	12.208185774441919	39.41518226826647	0.0
116.0	36.812636059753686	13.124439753955391	12.686178316104618	37.3767458701863	0.0
117.0	36.09731898854159	13.17252284374128	12.44989436292205	38.28004234341573	2.2146137935005514E-4
118.0	36.63765659559458	13.148816562140194	11.413980295632072	38.79954654663315	0.0
119.0	36.539901898248885	12.389402166061773	11.374824699238346	39.695871236451005	0.0
120.0	35.58292190930468	12.336479844866208	10.589441540639037	41.49093381181112	2.228933789521782E-4
121.0	35.779377891766664	13.64187780798781	12.602573239471232	37.97617106077429	0.0
122.0	35.43386809908025	13.028587044661377	13.142827702687567	38.39471715357081	0.0
123.0	35.231873947072664	12.491111106126104	12.968475551896558	39.30831506950723	2.2432539744852295E-4
124.0	36.30490781825293	12.247067761788518	11.630274994268143	39.81774942569041	0.0
125.0	36.71266341692076	11.887038652144225	11.535020406691501	39.86527752424351	0.0
126.0	36.726027149974726	14.020190988519026	12.282249620911259	36.97153224059499	0.0
127.0	38.499270667254656	12.36586496602101	10.997433201035765	38.13743116568857	0.0
128.0	38.75624325818762	11.854712243584514	11.650984871146402	37.73805962708147	0.0
129.0	36.85339544005884	13.775389756022264	11.864064358548301	37.5071504453706	0.0
130.0	35.833228940085874	11.517953740504959	11.605644068375678	41.043173251033494	0.0
131.0	35.51117121596012	13.472963080368444	13.129514040132909	37.886351663538534	0.0
132.0	34.68994991164908	13.137804605206082	12.723445640213138	39.4487998429317	0.0
133.0	36.004213932485676	13.040795619704019	12.475662483203685	38.479327964606625	0.0
134.0	37.7015561450449	12.955897398337884	12.530869990135335	36.811676466481885	0.0
135.0	38.135842805209144	10.578206249137176	10.516083015047627	40.76986793060605	0.0
136.0	34.76401676340819	12.599296453220592	12.437701993075182	40.19898479029603	0.0
137.0	36.51270447802546	12.798679334587812	12.447964166560844	38.24065202082588	0.0
138.0	36.568471558394734	12.475616858804278	12.821834351801348	38.134077230999644	0.0
139.0	36.96653297817247	13.434880853129217	11.752124346555878	37.84646182214244	0.0
140.0	36.39021778352016	13.057233648776059	12.642385724761674	37.910162842942114	0.0
141.0	38.01018385970148	12.592267913847532	11.600460698415068	37.797087528035924	0.0
142.0	37.78339766626736	13.5727312424546	12.298448770668852	36.34542232060919	0.0
143.0	36.824332224856995	14.11296168974823	12.852011393452974	36.20742071120216	0.0032739807396390203
144.0	34.72544832775097	14.688461727775811	13.51862572982906	37.061135708944995	0.006328505699170965
145.0	36.05881133444529	12.726750157841668	12.663142321356213	38.54894034056107	0.0023558457957575927
146.0	39.73286440830604	11.60968627209343	11.698320685945045	36.95865465283275	4.739808227359121E-4
147.0	36.48632993512512	11.980856116774792	12.887366774791472	38.63941342292246	0.006033750386160024
148.0	32.51940788133176	14.206212559599004	12.855047067932679	40.41933249113656	0.0
149.0	35.37045025059568	14.6731985868047	11.19515651959576	38.758627064333254	0.0025675786706104674
150.0	31.642118834815676	16.471449487554903	11.74198553353292	40.1444461440965	0.0
