#Coverage	Number of genomic locations
0.0	1600.0
1.0	2.0
2.0	1.0
3.0	3.0
9.0	1.0
11.0	1.0
13.0	2.0
14.0	1.0
15.0	1.0
18.0	2.0
31.0	1.0
34.0	1.0
35.0	1.0
36.0	1.0
38.0	2.0
39.0	1.0
40.0	2.0
44.0	1.0
46.0	1.0
47.0	1.0
50.0	2.0
59.0	1.0
61.0	5.0
62.0	3.0
63.0	9.0
64.0	3.0
65.0	2.0
66.0	2.0
67.0	1.0
68.0	1.0
70.0	6.0
73.0	1.0
75.0	1.0
76.0	1.0
77.0	2.0
78.0	1.0
79.0	3.0
81.0	3.0
82.0	3.0
83.0	4.0
84.0	3.0
85.0	1.0
86.0	1.0
87.0	2.0
89.0	6.0
90.0	4.0
91.0	4.0
92.0	11.0
93.0	3.0
94.0	5.0
95.0	3.0
96.0	2.0
97.0	4.0
98.0	2.0
99.0	1.0
100.0	3.0
101.0	1.0
105.0	1.0
106.0	1.0
109.0	2.0
111.0	1.0
112.0	1.0
116.0	1.0
117.0	2.0
118.0	3.0
121.0	2.0
123.0	4.0
126.0	1.0
127.0	1.0
130.0	1.0
131.0	1.0
133.0	3.0
134.0	1.0
135.0	2.0
136.0	2.0
137.0	1.0
138.0	2.0
141.0	1.0
142.0	1.0
145.0	2.0
146.0	1.0
147.0	2.0
148.0	3.0
150.0	2.0
152.0	1.0
155.0	1.0
159.0	3.0
161.0	1.0
163.0	1.0
165.0	1.0
167.0	1.0
169.0	3.0
170.0	1.0
171.0	1.0
172.0	1.0
186.0	2.0
198.0	1.0
200.0	1.0
201.0	1.0
202.0	1.0
204.0	1.0
205.0	1.0
209.0	1.0
211.0	1.0
213.0	1.0
216.0	1.0
219.0	1.0
223.0	2.0
225.0	1.0
228.0	1.0
234.0	1.0
235.0	1.0
236.0	2.0
237.0	1.0
238.0	1.0
240.0	2.0
241.0	2.0
243.0	1.0
246.0	1.0
248.0	1.0
250.0	1.0
251.0	1.0
252.0	2.0
258.0	2.0
261.0	3.0
263.0	3.0
264.0	1.0
266.0	2.0
268.0	1.0
269.0	1.0
270.0	1.0
272.0	1.0
273.0	2.0
274.0	1.0
275.0	1.0
276.0	4.0
277.0	1.0
278.0	2.0
280.0	1.0
281.0	1.0
283.0	1.0
284.0	1.0
285.0	2.0
286.0	2.0
287.0	2.0
288.0	1.0
289.0	2.0
290.0	3.0
291.0	1.0
292.0	4.0
293.0	6.0
295.0	2.0
296.0	5.0
297.0	2.0
298.0	1.0
299.0	2.0
300.0	1.0
301.0	1.0
302.0	2.0
303.0	1.0
305.0	2.0
308.0	2.0
310.0	2.0
311.0	1.0
314.0	1.0
318.0	1.0
319.0	1.0
320.0	4.0
321.0	2.0
322.0	2.0
323.0	1.0
325.0	3.0
327.0	2.0
328.0	4.0
329.0	2.0
330.0	3.0
334.0	1.0
335.0	2.0
336.0	2.0
337.0	3.0
338.0	1.0
339.0	2.0
340.0	1.0
344.0	1.0
346.0	1.0
348.0	2.0
349.0	2.0
351.0	1.0
352.0	2.0
354.0	2.0
356.0	4.0
357.0	2.0
360.0	3.0
361.0	1.0
364.0	2.0
365.0	1.0
366.0	1.0
367.0	2.0
368.0	1.0
369.0	3.0
373.0	1.0
374.0	3.0
375.0	1.0
376.0	1.0
377.0	1.0
378.0	2.0
379.0	1.0
381.0	2.0
382.0	4.0
383.0	1.0
384.0	2.0
385.0	4.0
386.0	1.0
387.0	2.0
388.0	1.0
389.0	2.0
390.0	3.0
391.0	2.0
393.0	8.0
394.0	3.0
395.0	4.0
396.0	5.0
398.0	5.0
399.0	4.0
400.0	1.0
403.0	3.0
404.0	1.0
405.0	1.0
406.0	1.0
410.0	1.0
411.0	5.0
412.0	2.0
413.0	2.0
414.0	2.0
415.0	3.0
416.0	3.0
417.0	1.0
419.0	3.0
420.0	2.0
421.0	4.0
422.0	5.0
423.0	2.0
425.0	1.0
427.0	3.0
428.0	1.0
429.0	2.0
430.0	2.0
431.0	3.0
432.0	2.0
433.0	2.0
434.0	2.0
435.0	1.0
436.0	1.0
438.0	2.0
439.0	1.0
440.0	1.0
441.0	3.0
442.0	1.0
443.0	1.0
444.0	2.0
445.0	3.0
447.0	2.0
448.0	4.0
449.0	3.0
450.0	3.0
451.0	9.0
452.0	4.0
453.0	2.0
454.0	3.0
455.0	2.0
456.0	1.0
457.0	5.0
458.0	3.0
459.0	2.0
460.0	7.0
461.0	3.0
462.0	5.0
463.0	7.0
464.0	1.0
465.0	1.0
466.0	2.0
467.0	2.0
468.0	2.0
469.0	2.0
470.0	1.0
471.0	3.0
472.0	3.0
473.0	2.0
474.0	7.0
475.0	2.0
476.0	2.0
477.0	2.0
478.0	6.0
480.0	2.0
481.0	2.0
482.0	4.0
484.0	2.0
485.0	7.0
486.0	8.0
488.0	2.0
489.0	3.0
490.0	1.0
492.0	2.0
494.0	2.0
495.0	1.0
496.0	1.0
497.0	2.0
498.0	4.0
499.0	4.0
500.0	6.0
501.0	4.0
502.0	1.0
503.0	3.0
504.0	2.0
505.0	1.0
506.0	1.0
507.0	4.0
508.0	3.0
509.0	5.0
510.0	7.0
511.0	3.0
512.0	4.0
513.0	4.0
514.0	7.0
516.0	1.0
517.0	2.0
518.0	5.0
520.0	1.0
521.0	2.0
522.0	3.0
523.0	5.0
524.0	4.0
525.0	8.0
526.0	5.0
527.0	5.0
528.0	5.0
529.0	4.0
530.0	7.0
531.0	8.0
532.0	5.0
533.0	7.0
534.0	4.0
535.0	7.0
536.0	4.0
537.0	3.0
538.0	7.0
539.0	2.0
540.0	5.0
541.0	5.0
542.0	8.0
543.0	4.0
544.0	4.0
545.0	4.0
546.0	7.0
547.0	7.0
548.0	8.0
549.0	6.0
550.0	9.0
551.0	6.0
552.0	5.0
553.0	4.0
554.0	3.0
555.0	3.0
556.0	3.0
558.0	3.0
559.0	6.0
560.0	2.0
561.0	5.0
562.0	11.0
563.0	6.0
564.0	1.0
565.0	4.0
566.0	3.0
567.0	3.0
568.0	1.0
569.0	3.0
570.0	5.0
571.0	4.0
572.0	6.0
573.0	13.0
574.0	9.0
575.0	4.0
576.0	3.0
578.0	2.0
579.0	2.0
580.0	3.0
581.0	6.0
582.0	6.0
583.0	4.0
584.0	7.0
585.0	2.0
586.0	4.0
587.0	7.0
588.0	6.0
589.0	5.0
590.0	5.0
591.0	4.0
592.0	4.0
593.0	6.0
594.0	6.0
595.0	3.0
596.0	11.0
597.0	4.0
598.0	5.0
599.0	12.0
600.0	9.0
601.0	9.0
602.0	7.0
603.0	3.0
604.0	6.0
605.0	4.0
606.0	5.0
607.0	3.0
608.0	3.0
609.0	6.0
610.0	7.0
611.0	3.0
612.0	7.0
613.0	6.0
614.0	3.0
615.0	10.0
616.0	4.0
617.0	8.0
618.0	9.0
619.0	11.0
620.0	15.0
621.0	10.0
622.0	12.0
623.0	15.0
624.0	12.0
625.0	7.0
626.0	10.0
627.0	6.0
628.0	2.0
629.0	9.0
630.0	3.0
631.0	5.0
632.0	5.0
633.0	2.0
634.0	6.0
635.0	6.0
636.0	4.0
637.0	10.0
638.0	8.0
639.0	6.0
640.0	4.0
641.0	1.0
642.0	6.0
643.0	6.0
644.0	4.0
645.0	8.0
646.0	3.0
647.0	7.0
648.0	5.0
649.0	7.0
650.0	4.0
651.0	7.0
652.0	10.0
653.0	4.0
654.0	4.0
655.0	7.0
656.0	6.0
657.0	8.0
658.0	3.0
659.0	7.0
660.0	6.0
661.0	4.0
662.0	4.0
663.0	6.0
664.0	3.0
665.0	5.0
666.0	11.0
667.0	6.0
668.0	10.0
669.0	14.0
670.0	12.0
671.0	8.0
672.0	6.0
673.0	5.0
674.0	5.0
675.0	9.0
676.0	5.0
677.0	6.0
678.0	9.0
679.0	13.0
680.0	11.0
681.0	12.0
682.0	14.0
683.0	14.0
684.0	10.0
685.0	7.0
686.0	10.0
687.0	16.0
688.0	5.0
689.0	8.0
690.0	8.0
691.0	9.0
692.0	8.0
693.0	9.0
694.0	2.0
695.0	7.0
696.0	7.0
697.0	12.0
698.0	5.0
699.0	9.0
700.0	10.0
701.0	7.0
702.0	7.0
703.0	7.0
704.0	10.0
705.0	11.0
706.0	6.0
707.0	4.0
708.0	8.0
709.0	7.0
710.0	11.0
711.0	4.0
712.0	2.0
713.0	9.0
714.0	17.0
715.0	15.0
716.0	6.0
717.0	6.0
718.0	10.0
719.0	9.0
720.0	9.0
721.0	7.0
722.0	4.0
723.0	4.0
724.0	5.0
725.0	4.0
726.0	2.0
727.0	5.0
728.0	6.0
729.0	5.0
730.0	6.0
731.0	5.0
732.0	2.0
733.0	6.0
734.0	9.0
735.0	6.0
736.0	3.0
737.0	3.0
738.0	9.0
739.0	9.0
740.0	7.0
741.0	5.0
742.0	8.0
743.0	4.0
744.0	5.0
745.0	11.0
746.0	2.0
747.0	9.0
748.0	6.0
749.0	6.0
750.0	7.0
751.0	8.0
752.0	8.0
753.0	7.0
754.0	7.0
755.0	7.0
756.0	15.0
757.0	6.0
758.0	17.0
759.0	9.0
760.0	4.0
761.0	16.0
762.0	7.0
763.0	10.0
764.0	14.0
765.0	10.0
766.0	8.0
767.0	9.0
768.0	10.0
769.0	4.0
770.0	13.0
771.0	7.0
772.0	9.0
773.0	7.0
774.0	7.0
775.0	8.0
776.0	13.0
777.0	5.0
778.0	7.0
779.0	13.0
780.0	11.0
781.0	6.0
782.0	9.0
783.0	4.0
784.0	9.0
785.0	9.0
786.0	8.0
787.0	7.0
788.0	17.0
789.0	11.0
790.0	13.0
791.0	12.0
792.0	16.0
793.0	11.0
794.0	12.0
795.0	13.0
796.0	13.0
797.0	10.0
798.0	10.0
799.0	10.0
800.0	9.0
801.0	8.0
802.0	10.0
803.0	9.0
804.0	9.0
805.0	6.0
806.0	12.0
807.0	13.0
808.0	4.0
809.0	5.0
810.0	3.0
811.0	5.0
812.0	4.0
813.0	11.0
814.0	9.0
815.0	5.0
816.0	5.0
817.0	8.0
818.0	2.0
819.0	7.0
820.0	10.0
821.0	5.0
822.0	13.0
823.0	6.0
824.0	8.0
825.0	12.0
826.0	14.0
827.0	12.0
828.0	11.0
829.0	5.0
830.0	9.0
831.0	8.0
832.0	3.0
833.0	9.0
834.0	2.0
835.0	6.0
836.0	6.0
837.0	9.0
838.0	9.0
839.0	4.0
840.0	5.0
841.0	8.0
842.0	7.0
843.0	7.0
844.0	11.0
845.0	7.0
846.0	9.0
847.0	2.0
848.0	8.0
849.0	9.0
850.0	17.0
851.0	8.0
852.0	4.0
853.0	7.0
854.0	8.0
855.0	6.0
856.0	12.0
857.0	8.0
858.0	11.0
859.0	3.0
860.0	6.0
861.0	8.0
862.0	13.0
863.0	5.0
864.0	12.0
865.0	6.0
866.0	5.0
867.0	7.0
868.0	5.0
869.0	11.0
870.0	13.0
871.0	8.0
872.0	9.0
873.0	6.0
874.0	3.0
875.0	8.0
876.0	7.0
877.0	9.0
878.0	11.0
879.0	8.0
880.0	10.0
881.0	3.0
882.0	8.0
883.0	8.0
884.0	11.0
885.0	7.0
886.0	9.0
887.0	7.0
888.0	4.0
889.0	4.0
890.0	5.0
891.0	6.0
892.0	6.0
893.0	6.0
894.0	8.0
895.0	7.0
896.0	5.0
897.0	5.0
898.0	4.0
899.0	9.0
900.0	8.0
901.0	8.0
902.0	7.0
903.0	6.0
904.0	9.0
905.0	16.0
906.0	5.0
907.0	11.0
908.0	7.0
909.0	9.0
910.0	13.0
911.0	7.0
912.0	2.0
913.0	3.0
914.0	2.0
915.0	5.0
916.0	6.0
917.0	2.0
918.0	4.0
919.0	4.0
920.0	7.0
921.0	8.0
922.0	7.0
923.0	4.0
924.0	9.0
925.0	11.0
926.0	15.0
927.0	7.0
928.0	3.0
929.0	3.0
930.0	4.0
931.0	9.0
932.0	8.0
933.0	8.0
934.0	8.0
935.0	6.0
936.0	5.0
937.0	8.0
938.0	6.0
939.0	5.0
940.0	10.0
941.0	7.0
942.0	4.0
943.0	8.0
944.0	5.0
945.0	10.0
946.0	8.0
947.0	6.0
948.0	3.0
949.0	2.0
950.0	11.0
951.0	8.0
952.0	8.0
953.0	11.0
954.0	12.0
955.0	6.0
956.0	4.0
957.0	3.0
958.0	4.0
959.0	7.0
960.0	8.0
961.0	9.0
962.0	7.0
963.0	8.0
964.0	2.0
965.0	5.0
966.0	3.0
967.0	12.0
968.0	8.0
969.0	4.0
970.0	8.0
971.0	4.0
972.0	5.0
973.0	6.0
974.0	6.0
975.0	10.0
976.0	9.0
977.0	4.0
978.0	10.0
979.0	3.0
980.0	9.0
981.0	7.0
982.0	6.0
983.0	7.0
984.0	6.0
985.0	7.0
986.0	8.0
987.0	4.0
988.0	5.0
989.0	4.0
990.0	5.0
991.0	11.0
992.0	8.0
993.0	5.0
994.0	11.0
995.0	16.0
996.0	7.0
997.0	10.0
998.0	12.0
999.0	14.0
1000.0	12.0
1001.0	7.0
1002.0	9.0
1003.0	9.0
1004.0	7.0
1005.0	4.0
1006.0	9.0
1007.0	16.0
1008.0	19.0
1009.0	8.0
1010.0	6.0
1011.0	16.0
1012.0	5.0
1013.0	12.0
1014.0	9.0
1015.0	8.0
1016.0	7.0
1017.0	9.0
1018.0	7.0
1019.0	14.0
1020.0	11.0
1021.0	11.0
1022.0	7.0
1023.0	8.0
1024.0	15.0
1025.0	11.0
1026.0	8.0
1027.0	16.0
1028.0	10.0
1029.0	11.0
1030.0	8.0
1031.0	11.0
1032.0	11.0
1033.0	12.0
1034.0	14.0
1035.0	11.0
1036.0	12.0
1037.0	6.0
1038.0	7.0
1039.0	15.0
1040.0	14.0
1041.0	15.0
1042.0	20.0
1043.0	7.0
1044.0	4.0
1045.0	9.0
1046.0	15.0
1047.0	14.0
1048.0	8.0
1049.0	9.0
1050.0	9.0
1051.0	16.0
1052.0	19.0
1053.0	17.0
1054.0	10.0
1055.0	19.0
1056.0	17.0
1057.0	17.0
1058.0	15.0
1059.0	13.0
1060.0	10.0
1061.0	17.0
1062.0	16.0
1063.0	15.0
1064.0	9.0
1065.0	14.0
1066.0	11.0
1067.0	13.0
1068.0	14.0
1069.0	16.0
1070.0	10.0
1071.0	12.0
1072.0	10.0
1073.0	9.0
1074.0	10.0
1075.0	6.0
1076.0	6.0
1077.0	12.0
1078.0	17.0
1079.0	5.0
1080.0	14.0
1081.0	9.0
1082.0	10.0
1083.0	8.0
1084.0	10.0
1085.0	11.0
1086.0	12.0
1087.0	14.0
1088.0	11.0
1089.0	19.0
1090.0	14.0
1091.0	12.0
1092.0	16.0
1093.0	8.0
1094.0	8.0
1095.0	8.0
1096.0	17.0
1097.0	12.0
1098.0	14.0
1099.0	13.0
1100.0	22.0
1101.0	17.0
1102.0	15.0
1103.0	18.0
1104.0	8.0
1105.0	5.0
1106.0	13.0
1107.0	10.0
1108.0	19.0
1109.0	21.0
1110.0	15.0
1111.0	13.0
1112.0	9.0
1113.0	10.0
1114.0	10.0
1115.0	13.0
1116.0	6.0
1117.0	18.0
1118.0	15.0
1119.0	8.0
1120.0	14.0
1121.0	20.0
1122.0	7.0
1123.0	10.0
1124.0	12.0
1125.0	8.0
1126.0	15.0
1127.0	13.0
1128.0	11.0
1129.0	5.0
1130.0	5.0
1131.0	9.0
1132.0	6.0
1133.0	7.0
1134.0	8.0
1135.0	5.0
1136.0	6.0
1137.0	8.0
1138.0	8.0
1139.0	9.0
1140.0	7.0
1141.0	6.0
1142.0	5.0
1143.0	9.0
1144.0	12.0
1145.0	8.0
1146.0	4.0
1147.0	4.0
1148.0	9.0
1149.0	15.0
1150.0	13.0
1151.0	11.0
1152.0	14.0
1153.0	7.0
1154.0	16.0
1155.0	11.0
1156.0	11.0
1157.0	16.0
1158.0	13.0
1159.0	9.0
1160.0	16.0
1161.0	11.0
1162.0	5.0
1163.0	15.0
1164.0	16.0
1165.0	10.0
1166.0	12.0
1167.0	11.0
1168.0	13.0
1169.0	14.0
1170.0	24.0
1171.0	23.0
1172.0	20.0
1173.0	10.0
1174.0	14.0
1175.0	16.0
1176.0	14.0
1177.0	13.0
1178.0	15.0
1179.0	7.0
1180.0	8.0
1181.0	10.0
1182.0	16.0
1183.0	8.0
1184.0	12.0
1185.0	12.0
1186.0	8.0
1187.0	10.0
1188.0	9.0
1189.0	9.0
1190.0	10.0
1191.0	8.0
1192.0	12.0
1193.0	15.0
1194.0	22.0
1195.0	14.0
1196.0	10.0
1197.0	8.0
1198.0	11.0
1199.0	13.0
1200.0	16.0
1201.0	25.0
1202.0	14.0
1203.0	9.0
1204.0	16.0
1205.0	13.0
1206.0	10.0
1207.0	13.0
1208.0	21.0
1209.0	19.0
1210.0	16.0
1211.0	17.0
1212.0	12.0
1213.0	21.0
1214.0	18.0
1215.0	11.0
1216.0	18.0
1217.0	22.0
1218.0	21.0
1219.0	22.0
1220.0	16.0
1221.0	16.0
1222.0	14.0
1223.0	12.0
1224.0	12.0
1225.0	16.0
1226.0	11.0
1227.0	16.0
1228.0	9.0
1229.0	8.0
1230.0	9.0
1231.0	8.0
1232.0	14.0
1233.0	7.0
1234.0	10.0
1235.0	21.0
1236.0	9.0
1237.0	24.0
1238.0	17.0
1239.0	16.0
1240.0	15.0
1241.0	12.0
1242.0	12.0
1243.0	13.0
1244.0	17.0
1245.0	10.0
1246.0	18.0
1247.0	11.0
1248.0	6.0
1249.0	10.0
1250.0	11.0
1251.0	16.0
1252.0	15.0
1253.0	18.0
1254.0	18.0
1255.0	7.0
1256.0	6.0
1257.0	8.0
1258.0	8.0
1259.0	17.0
1260.0	14.0
1261.0	13.0
1262.0	14.0
1263.0	10.0
1264.0	21.0
1265.0	16.0
1266.0	14.0
1267.0	11.0
1268.0	12.0
1269.0	17.0
1270.0	11.0
1271.0	13.0
1272.0	12.0
1273.0	12.0
1274.0	18.0
1275.0	13.0
1276.0	7.0
1277.0	21.0
1278.0	12.0
1279.0	14.0
1280.0	12.0
1281.0	14.0
1282.0	18.0
1283.0	14.0
1284.0	15.0
1285.0	23.0
1286.0	22.0
1287.0	19.0
1288.0	20.0
1289.0	17.0
1290.0	18.0
1291.0	25.0
1292.0	21.0
1293.0	19.0
1294.0	17.0
1295.0	23.0
1296.0	11.0
1297.0	19.0
1298.0	20.0
1299.0	15.0
1300.0	16.0
1301.0	13.0
1302.0	16.0
1303.0	17.0
1304.0	19.0
1305.0	15.0
1306.0	9.0
1307.0	14.0
1308.0	16.0
1309.0	10.0
1310.0	18.0
1311.0	10.0
1312.0	19.0
1313.0	14.0
1314.0	18.0
1315.0	13.0
1316.0	16.0
1317.0	7.0
1318.0	11.0
1319.0	8.0
1320.0	16.0
1321.0	16.0
1322.0	14.0
1323.0	6.0
1324.0	7.0
1325.0	13.0
1326.0	10.0
1327.0	10.0
1328.0	8.0
1329.0	10.0
1330.0	12.0
1331.0	7.0
1332.0	7.0
1333.0	14.0
1334.0	5.0
1335.0	10.0
1336.0	5.0
1337.0	8.0
1338.0	6.0
1339.0	7.0
1340.0	14.0
1341.0	13.0
1342.0	10.0
1343.0	9.0
1344.0	7.0
1345.0	10.0
1346.0	12.0
1347.0	15.0
1348.0	6.0
1349.0	8.0
1350.0	10.0
1351.0	2.0
1352.0	9.0
1353.0	4.0
1354.0	5.0
1355.0	7.0
1356.0	7.0
1357.0	14.0
1358.0	9.0
1359.0	7.0
1360.0	17.0
1361.0	17.0
1362.0	13.0
1363.0	11.0
1364.0	10.0
1365.0	12.0
1366.0	14.0
1367.0	12.0
1368.0	12.0
1369.0	15.0
1370.0	12.0
1371.0	7.0
1372.0	11.0
1373.0	10.0
1374.0	13.0
1375.0	11.0
1376.0	14.0
1377.0	13.0
1378.0	11.0
1379.0	10.0
1380.0	8.0
1381.0	12.0
1382.0	16.0
1383.0	10.0
1384.0	9.0
1385.0	13.0
1386.0	9.0
1387.0	11.0
1388.0	4.0
1389.0	8.0
1390.0	8.0
1391.0	9.0
1392.0	10.0
1393.0	8.0
1394.0	4.0
1395.0	8.0
1396.0	4.0
1397.0	11.0
1398.0	9.0
1399.0	9.0
1400.0	10.0
1401.0	9.0
1402.0	14.0
1403.0	10.0
1404.0	26.0
1405.0	6.0
1406.0	7.0
1407.0	10.0
1408.0	7.0
1409.0	5.0
1410.0	9.0
1411.0	7.0
1412.0	5.0
1413.0	6.0
1414.0	7.0
1415.0	6.0
1416.0	6.0
1417.0	6.0
1418.0	8.0
1419.0	4.0
1420.0	13.0
1421.0	5.0
1422.0	2.0
1423.0	5.0
1424.0	9.0
1425.0	12.0
1426.0	7.0
1427.0	9.0
1428.0	11.0
1429.0	3.0
1430.0	9.0
1431.0	6.0
1432.0	8.0
1433.0	8.0
1434.0	11.0
1435.0	10.0
1436.0	4.0
1437.0	7.0
1438.0	7.0
1439.0	8.0
1440.0	8.0
1441.0	7.0
1442.0	5.0
1443.0	8.0
1444.0	9.0
1445.0	8.0
1446.0	15.0
1447.0	6.0
1448.0	8.0
1449.0	7.0
1450.0	7.0
1451.0	8.0
1452.0	6.0
1453.0	10.0
1454.0	1.0
1455.0	7.0
1456.0	3.0
1457.0	3.0
1458.0	5.0
1459.0	14.0
1460.0	7.0
1461.0	8.0
1462.0	4.0
1463.0	3.0
1464.0	3.0
1465.0	5.0
1466.0	7.0
1467.0	5.0
1468.0	4.0
1469.0	2.0
1470.0	2.0
1471.0	3.0
1472.0	4.0
1473.0	5.0
1474.0	5.0
1475.0	5.0
1476.0	3.0
1477.0	1.0
1478.0	5.0
1479.0	7.0
1480.0	1.0
1481.0	3.0
1482.0	4.0
1483.0	2.0
1484.0	1.0
1485.0	3.0
1486.0	2.0
1487.0	2.0
1488.0	3.0
1489.0	4.0
1490.0	4.0
1491.0	2.0
1492.0	3.0
1493.0	2.0
1494.0	7.0
1495.0	2.0
1496.0	3.0
1497.0	2.0
1498.0	2.0
1499.0	4.0
1500.0	2.0
1501.0	3.0
1502.0	2.0
1503.0	1.0
1504.0	3.0
1505.0	3.0
1506.0	4.0
1507.0	3.0
1508.0	2.0
1509.0	3.0
1510.0	7.0
1511.0	6.0
1512.0	6.0
1513.0	5.0
1514.0	1.0
1515.0	2.0
1516.0	1.0
1517.0	2.0
1518.0	2.0
1519.0	2.0
1520.0	4.0
1521.0	3.0
1522.0	2.0
1523.0	2.0
1524.0	3.0
1525.0	2.0
1526.0	4.0
1527.0	4.0
1528.0	3.0
1529.0	5.0
1530.0	6.0
1531.0	4.0
1533.0	2.0
1534.0	6.0
1535.0	1.0
1536.0	1.0
1537.0	1.0
1539.0	1.0
1540.0	3.0
1541.0	3.0
1542.0	1.0
1543.0	2.0
1544.0	1.0
1545.0	1.0
1548.0	1.0
1551.0	2.0
1556.0	2.0
1557.0	1.0
1558.0	3.0
1559.0	5.0
1560.0	3.0
1561.0	3.0
1562.0	3.0
1563.0	1.0
1564.0	3.0
1566.0	1.0
1568.0	2.0
1569.0	1.0
1570.0	2.0
1571.0	2.0
1572.0	1.0
1574.0	1.0
1575.0	1.0
1576.0	1.0
1577.0	3.0
1578.0	2.0
1579.0	1.0
1580.0	1.0
1581.0	1.0
1582.0	2.0
1583.0	4.0
1584.0	2.0
1585.0	1.0
1586.0	2.0
1589.0	1.0
1591.0	1.0
1592.0	2.0
1593.0	2.0
1594.0	1.0
1595.0	1.0
1596.0	2.0
1597.0	3.0
1598.0	5.0
1599.0	3.0
1600.0	1.0
1601.0	2.0
1602.0	3.0
1603.0	2.0
1604.0	2.0
1605.0	1.0
1606.0	2.0
1607.0	1.0
1608.0	1.0
1609.0	2.0
1610.0	2.0
1612.0	3.0
1613.0	1.0
1614.0	2.0
1616.0	1.0
1617.0	2.0
1620.0	3.0
1621.0	1.0
1622.0	1.0
1623.0	2.0
1624.0	2.0
1625.0	1.0
1629.0	1.0
1630.0	1.0
1632.0	1.0
1639.0	1.0
1640.0	2.0
1644.0	3.0
1645.0	1.0
1647.0	1.0
1648.0	3.0
1649.0	1.0
1651.0	1.0
1653.0	3.0
1654.0	1.0
1655.0	1.0
1661.0	1.0
1666.0	1.0
1671.0	1.0
1673.0	2.0
1674.0	2.0
1675.0	3.0
1676.0	1.0
1677.0	1.0
1678.0	3.0
1679.0	1.0
1680.0	3.0
1681.0	1.0
1683.0	1.0
1684.0	3.0
1685.0	2.0
1688.0	2.0
1690.0	1.0
1694.0	1.0
1699.0	1.0
1702.0	1.0
1703.0	1.0
1704.0	1.0
1706.0	2.0
1708.0	1.0
1710.0	1.0
1712.0	2.0
1714.0	1.0
1719.0	1.0
1735.0	1.0
1737.0	2.0
1743.0	2.0
1754.0	1.0
1782.0	1.0
1783.0	2.0
1786.0	3.0
1787.0	1.0
1788.0	1.0
1790.0	5.0
1793.0	3.0
1794.0	1.0
1798.0	1.0
1808.0	1.0
1809.0	1.0
1810.0	2.0
1811.0	1.0
1813.0	2.0
1819.0	1.0
1822.0	1.0
1825.0	1.0
1828.0	1.0
1829.0	1.0
1831.0	2.0
1833.0	1.0
1835.0	1.0
1836.0	1.0
1838.0	1.0
1843.0	2.0
1844.0	3.0
1846.0	2.0
1848.0	1.0
1849.0	2.0
1850.0	1.0
1851.0	3.0
1854.0	2.0
1855.0	1.0
1857.0	1.0
1858.0	1.0
1860.0	4.0
1862.0	1.0
1866.0	1.0
1867.0	1.0
1869.0	2.0
1870.0	1.0
1871.0	1.0
1872.0	1.0
1873.0	1.0
1874.0	2.0
1878.0	1.0
1881.0	1.0
1882.0	1.0
1883.0	1.0
1884.0	1.0
1885.0	1.0
1886.0	1.0
1887.0	2.0
1890.0	1.0
1891.0	1.0
1893.0	1.0
1895.0	1.0
1899.0	1.0
1903.0	2.0
1908.0	1.0
1912.0	1.0
1913.0	1.0
1914.0	3.0
1915.0	1.0
1918.0	1.0
1920.0	2.0
1923.0	1.0
1924.0	1.0
1925.0	3.0
1934.0	1.0
1936.0	2.0
1940.0	1.0
1941.0	1.0
1944.0	2.0
1945.0	1.0
1946.0	2.0
1948.0	3.0
1949.0	2.0
1954.0	2.0
1955.0	1.0
1956.0	2.0
1957.0	4.0
1958.0	3.0
1960.0	1.0
1962.0	1.0
1966.0	2.0
1970.0	1.0
1972.0	1.0
1975.0	1.0
1976.0	1.0
1977.0	1.0
1978.0	1.0
1979.0	2.0
1981.0	1.0
1983.0	1.0
1989.0	1.0
1994.0	2.0
1996.0	1.0
1998.0	1.0
2001.0	1.0
2002.0	1.0
2003.0	1.0
2004.0	1.0
2005.0	2.0
2006.0	1.0
2007.0	1.0
2009.0	1.0
2012.0	1.0
2017.0	2.0
2019.0	3.0
2020.0	2.0
2028.0	1.0
2030.0	1.0
2031.0	1.0
2038.0	1.0
2039.0	1.0
2041.0	1.0
2052.0	1.0
2055.0	1.0
2056.0	1.0
2057.0	1.0
2061.0	1.0
2062.0	1.0
2063.0	1.0
2065.0	1.0
2066.0	1.0
2067.0	2.0
2068.0	2.0
2069.0	1.0
2080.0	2.0
2084.0	1.0
2085.0	1.0
2086.0	1.0
2087.0	1.0
2088.0	1.0
2090.0	3.0
2095.0	1.0
2096.0	1.0
2099.0	2.0
2100.0	2.0
2101.0	1.0
2104.0	1.0
2108.0	1.0
2111.0	3.0
2112.0	1.0
2118.0	2.0
2119.0	1.0
2121.0	2.0
2123.0	1.0
2124.0	2.0
2125.0	1.0
2127.0	1.0
2130.0	2.0
2132.0	3.0
2133.0	1.0
2134.0	2.0
2135.0	3.0
2136.0	2.0
2138.0	1.0
2139.0	1.0
2140.0	1.0
2141.0	1.0
2142.0	3.0
2146.0	1.0
2147.0	1.0
2149.0	1.0
2150.0	2.0
2155.0	1.0
2156.0	1.0
2157.0	1.0
2160.0	2.0
2162.0	1.0
2167.0	1.0
2168.0	1.0
2171.0	1.0
2174.0	2.0
2175.0	2.0
2176.0	1.0
2177.0	2.0
2178.0	3.0
2179.0	1.0
2180.0	1.0
2181.0	3.0
2182.0	1.0
2187.0	4.0
2189.0	3.0
2190.0	3.0
2193.0	2.0
2194.0	3.0
2195.0	1.0
2196.0	1.0
2204.0	2.0
2205.0	1.0
2206.0	3.0
2207.0	5.0
2208.0	1.0
2209.0	3.0
2211.0	1.0
2212.0	2.0
2213.0	1.0
2214.0	4.0
2215.0	2.0
2216.0	2.0
2217.0	1.0
2218.0	2.0
2219.0	1.0
2220.0	1.0
2221.0	2.0
2222.0	1.0
2223.0	2.0
2224.0	2.0
2225.0	3.0
2226.0	1.0
2228.0	1.0
2229.0	3.0
2230.0	6.0
2231.0	1.0
2232.0	1.0
2234.0	1.0
2242.0	1.0
2249.0	1.0
2252.0	1.0
2256.0	1.0
2277.0	1.0
2282.0	2.0
2285.0	1.0
2287.0	1.0
2291.0	1.0
2292.0	1.0
2298.0	1.0
2299.0	3.0
2300.0	2.0
2302.0	1.0
2304.0	1.0
2305.0	1.0
2307.0	1.0
2310.0	1.0
2321.0	1.0
2322.0	1.0
2323.0	1.0
2324.0	2.0
2325.0	1.0
2327.0	1.0
2328.0	1.0
2330.0	1.0
2332.0	2.0
2336.0	1.0
2340.0	1.0
2346.0	1.0
2347.0	1.0
2350.0	1.0
2353.0	1.0
2357.0	1.0
2361.0	1.0
2371.0	1.0
2373.0	1.0
2376.0	1.0
2377.0	1.0
2379.0	2.0
2380.0	1.0
2382.0	1.0
2383.0	1.0
2388.0	1.0
2389.0	1.0
2390.0	2.0
2391.0	1.0
2395.0	1.0
2396.0	1.0
2397.0	1.0
2402.0	1.0
2404.0	1.0
2405.0	1.0
2406.0	1.0
2407.0	1.0
2409.0	2.0
2414.0	1.0
2415.0	1.0
2416.0	1.0
2417.0	4.0
2418.0	1.0
2419.0	1.0
2422.0	1.0
2424.0	1.0
2426.0	2.0
2429.0	1.0
2432.0	1.0
2435.0	1.0
2436.0	1.0
2445.0	1.0
2453.0	1.0
2454.0	1.0
2456.0	1.0
2457.0	1.0
2460.0	2.0
2461.0	4.0
2462.0	1.0
2463.0	3.0
2464.0	1.0
2465.0	3.0
2466.0	1.0
2467.0	2.0
2468.0	4.0
2469.0	1.0
2471.0	1.0
2472.0	2.0
2475.0	1.0
2476.0	3.0
2477.0	1.0
2478.0	1.0
2480.0	1.0
2481.0	2.0
2482.0	3.0
2483.0	1.0
2484.0	1.0
2485.0	4.0
2487.0	2.0
2488.0	3.0
2490.0	1.0
2491.0	1.0
2492.0	1.0
2495.0	1.0
2496.0	2.0
2497.0	1.0
2499.0	1.0
2500.0	4.0
2502.0	1.0
2512.0	1.0
2514.0	1.0
2515.0	1.0
2516.0	2.0
2520.0	1.0
2523.0	1.0
2526.0	1.0
2527.0	1.0
2528.0	1.0
2530.0	1.0
2533.0	1.0
2537.0	1.0
2540.0	1.0
2543.0	1.0
2544.0	1.0
2549.0	1.0
2551.0	1.0
2553.0	1.0
2554.0	2.0
2555.0	3.0
2556.0	1.0
2557.0	4.0
2558.0	3.0
2559.0	2.0
2560.0	2.0
2563.0	1.0
2564.0	2.0
2565.0	1.0
2568.0	1.0
2571.0	1.0
2572.0	1.0
2573.0	3.0
2574.0	1.0
2576.0	3.0
2578.0	2.0
2579.0	1.0
2582.0	1.0
2584.0	1.0
2585.0	1.0
2587.0	1.0
2588.0	1.0
2591.0	1.0
2593.0	2.0
2594.0	3.0
2595.0	3.0
2597.0	1.0
2598.0	1.0
2599.0	1.0
2600.0	3.0
2601.0	1.0
2602.0	1.0
2603.0	1.0
2605.0	1.0
2606.0	1.0
2607.0	3.0
2610.0	2.0
2611.0	4.0
2613.0	3.0
2616.0	3.0
2619.0	1.0
2620.0	2.0
2621.0	1.0
2622.0	2.0
2623.0	2.0
2624.0	2.0
2626.0	1.0
2627.0	5.0
2628.0	2.0
2629.0	1.0
2630.0	1.0
2631.0	2.0
2632.0	1.0
2633.0	2.0
2634.0	2.0
2635.0	2.0
2636.0	3.0
2637.0	3.0
2638.0	2.0
2641.0	3.0
2643.0	1.0
2644.0	1.0
2645.0	3.0
2646.0	1.0
2648.0	4.0
2649.0	1.0
2651.0	2.0
2652.0	2.0
2653.0	2.0
2654.0	1.0
2655.0	2.0
2657.0	1.0
2659.0	4.0
2661.0	1.0
2664.0	2.0
2667.0	1.0
2668.0	4.0
2669.0	1.0
2670.0	2.0
2672.0	1.0
2673.0	2.0
2675.0	1.0
2676.0	1.0
2677.0	3.0
2680.0	3.0
2682.0	1.0
2683.0	3.0
2686.0	1.0
2688.0	2.0
2689.0	1.0
2691.0	2.0
2693.0	4.0
2694.0	1.0
2697.0	1.0
2698.0	3.0
2699.0	1.0
2701.0	1.0
2702.0	2.0
2703.0	1.0
2704.0	1.0
2705.0	2.0
2706.0	3.0
2707.0	3.0
2708.0	2.0
2709.0	2.0
2710.0	2.0
2711.0	2.0
2712.0	2.0
2713.0	1.0
2714.0	4.0
2715.0	2.0
2716.0	4.0
2718.0	2.0
2719.0	1.0
2721.0	6.0
2726.0	1.0
2729.0	1.0
2731.0	2.0
2732.0	1.0
2733.0	1.0
2735.0	1.0
2737.0	1.0
2740.0	1.0
2742.0	1.0
2746.0	3.0
2749.0	2.0
2750.0	3.0
2751.0	1.0
2752.0	1.0
2753.0	4.0
2755.0	1.0
2760.0	4.0
2762.0	1.0
2765.0	1.0
2766.0	1.0
2767.0	1.0
2771.0	1.0
2773.0	1.0
2774.0	1.0
2775.0	1.0
2777.0	1.0
2781.0	2.0
2782.0	2.0
2783.0	1.0
2784.0	2.0
2785.0	1.0
2787.0	1.0
2788.0	1.0
2789.0	2.0
2794.0	1.0
2797.0	3.0
2798.0	1.0
2799.0	1.0
2801.0	2.0
2803.0	2.0
2804.0	2.0
2805.0	1.0
2806.0	1.0
2807.0	2.0
2808.0	1.0
2809.0	1.0
2810.0	1.0
2811.0	1.0
2812.0	3.0
2815.0	2.0
2817.0	3.0
2819.0	2.0
2821.0	3.0
2823.0	1.0
2824.0	1.0
2826.0	4.0
2827.0	1.0
2829.0	2.0
2830.0	1.0
2831.0	1.0
2832.0	1.0
2833.0	1.0
2834.0	2.0
2836.0	5.0
2837.0	1.0
2838.0	3.0
2839.0	1.0
2840.0	3.0
2841.0	3.0
2843.0	1.0
2844.0	2.0
2845.0	1.0
2847.0	1.0
2848.0	1.0
2850.0	1.0
2851.0	1.0
2853.0	1.0
2854.0	2.0
2856.0	1.0
2857.0	2.0
2862.0	2.0
2863.0	2.0
2864.0	1.0
2866.0	3.0
2868.0	2.0
2870.0	1.0
2871.0	4.0
2872.0	2.0
2873.0	3.0
2875.0	1.0
2876.0	4.0
2877.0	2.0
2879.0	3.0
2880.0	1.0
2881.0	3.0
2882.0	2.0
2883.0	3.0
2884.0	6.0
2886.0	3.0
2887.0	1.0
2888.0	1.0
2889.0	1.0
2890.0	1.0
2891.0	1.0
2892.0	2.0
2893.0	2.0
2894.0	2.0
2895.0	1.0
2896.0	1.0
2897.0	1.0
2898.0	3.0
2899.0	1.0
2900.0	1.0
2901.0	2.0
2902.0	1.0
2903.0	3.0
2904.0	3.0
2905.0	3.0
2906.0	3.0
2907.0	6.0
2908.0	3.0
2909.0	2.0
2910.0	2.0
2911.0	1.0
2913.0	3.0
2914.0	1.0
2915.0	2.0
2917.0	1.0
2919.0	1.0
2920.0	3.0
2921.0	4.0
2922.0	1.0
2923.0	1.0
2924.0	3.0
2925.0	4.0
2926.0	4.0
2929.0	2.0
2930.0	3.0
2931.0	2.0
2932.0	1.0
2933.0	1.0
2934.0	1.0
2935.0	1.0
2936.0	2.0
2937.0	2.0
2938.0	3.0
2939.0	2.0
2940.0	1.0
2941.0	2.0
2944.0	1.0
2945.0	2.0
2947.0	1.0
2948.0	2.0
2949.0	2.0
2950.0	1.0
2953.0	2.0
2954.0	2.0
2955.0	2.0
2957.0	4.0
2958.0	1.0
2960.0	1.0
2961.0	1.0
2962.0	3.0
2963.0	1.0
2966.0	2.0
2968.0	1.0
2969.0	1.0
2970.0	3.0
2971.0	2.0
2977.0	1.0
2979.0	2.0
2980.0	1.0
2983.0	3.0
2984.0	1.0
2985.0	2.0
2986.0	1.0
2988.0	1.0
2990.0	1.0
2991.0	3.0
2992.0	1.0
2993.0	2.0
2994.0	3.0
2996.0	1.0
2997.0	1.0
2998.0	1.0
3000.0	1.0
3001.0	2.0
3002.0	1.0
3003.0	1.0
3006.0	1.0
3007.0	3.0
3008.0	2.0
3010.0	1.0
3011.0	1.0
3012.0	2.0
3014.0	1.0
3015.0	1.0
3016.0	1.0
3017.0	1.0
3018.0	1.0
3019.0	2.0
3020.0	1.0
3021.0	1.0
3022.0	1.0
3023.0	2.0
3026.0	1.0
3027.0	2.0
3028.0	1.0
3030.0	3.0
3031.0	1.0
3032.0	1.0
3033.0	2.0
3034.0	1.0
3036.0	2.0
3037.0	3.0
3039.0	2.0
3040.0	2.0
3041.0	2.0
3042.0	2.0
3044.0	1.0
3045.0	1.0
3046.0	1.0
3047.0	2.0
3048.0	1.0
3049.0	1.0
3050.0	1.0
3051.0	2.0
3052.0	3.0
3053.0	2.0
3055.0	2.0
3056.0	2.0
3057.0	1.0
3058.0	1.0
3059.0	1.0
3060.0	1.0
3061.0	2.0
3062.0	3.0
3063.0	1.0
3064.0	1.0
3066.0	1.0
3067.0	2.0
3068.0	1.0
3070.0	1.0
3071.0	3.0
3072.0	3.0
3073.0	3.0
3074.0	1.0
3075.0	2.0
3076.0	3.0
3078.0	2.0
3080.0	1.0
3081.0	2.0
3082.0	3.0
3083.0	2.0
3084.0	1.0
3085.0	3.0
3087.0	1.0
3088.0	1.0
3090.0	3.0
3092.0	2.0
3093.0	1.0
3094.0	1.0
3095.0	1.0
3099.0	1.0
3100.0	1.0
3101.0	5.0
3105.0	2.0
3107.0	1.0
3109.0	1.0
3113.0	1.0
3114.0	1.0
3118.0	2.0
3119.0	2.0
3121.0	1.0
3122.0	1.0
3123.0	2.0
3125.0	1.0
3126.0	1.0
3127.0	1.0
3129.0	1.0
3130.0	2.0
3131.0	1.0
3132.0	2.0
3133.0	3.0
3135.0	2.0
3139.0	4.0
3141.0	2.0
3143.0	1.0
3145.0	5.0
3146.0	4.0
3148.0	3.0
3150.0	1.0
3151.0	1.0
3152.0	2.0
3153.0	1.0
3154.0	1.0
3156.0	1.0
3157.0	1.0
3158.0	2.0
3159.0	1.0
3160.0	1.0
3161.0	1.0
3162.0	3.0
3163.0	3.0
3166.0	1.0
3168.0	1.0
3175.0	2.0
3176.0	2.0
3177.0	1.0
3178.0	2.0
3180.0	2.0
3181.0	2.0
3182.0	3.0
3183.0	1.0
3184.0	1.0
3185.0	3.0
3186.0	1.0
3187.0	1.0
3188.0	4.0
3190.0	1.0
3192.0	2.0
3193.0	1.0
3195.0	1.0
3197.0	2.0
3198.0	1.0
3199.0	1.0
3200.0	1.0
3203.0	1.0
3205.0	2.0
3206.0	1.0
3207.0	1.0
3209.0	2.0
3210.0	1.0
3211.0	1.0
3212.0	3.0
3213.0	2.0
3214.0	1.0
3215.0	4.0
3216.0	2.0
3217.0	1.0
3218.0	1.0
3219.0	3.0
3220.0	2.0
3221.0	2.0
3222.0	6.0
3223.0	4.0
3224.0	1.0
3225.0	5.0
3227.0	4.0
3229.0	2.0
3230.0	4.0
3231.0	1.0
3232.0	1.0
3233.0	1.0
3234.0	1.0
3237.0	1.0
3238.0	1.0
3239.0	1.0
3241.0	1.0
3243.0	2.0
3245.0	1.0
3246.0	1.0
3247.0	6.0
3248.0	1.0
3249.0	1.0
3250.0	6.0
3251.0	2.0
3253.0	2.0
3255.0	2.0
3256.0	1.0
3258.0	3.0
3259.0	1.0
3260.0	1.0
3261.0	1.0
3263.0	2.0
3264.0	1.0
3265.0	4.0
3266.0	1.0
3267.0	1.0
3268.0	1.0
3269.0	1.0
3270.0	4.0
3271.0	3.0
3272.0	5.0
3273.0	3.0
3274.0	3.0
3275.0	2.0
3276.0	2.0
3279.0	1.0
3280.0	4.0
3281.0	2.0
3282.0	2.0
3283.0	1.0
3284.0	2.0
3285.0	1.0
3287.0	2.0
3288.0	3.0
3289.0	1.0
3290.0	1.0
3293.0	1.0
3294.0	1.0
3295.0	1.0
3296.0	1.0
3297.0	1.0
3299.0	1.0
3300.0	1.0
3301.0	2.0
3303.0	4.0
3304.0	2.0
3306.0	1.0
3307.0	1.0
3308.0	1.0
3309.0	3.0
3311.0	1.0
3312.0	3.0
3313.0	1.0
3314.0	3.0
3315.0	1.0
3316.0	1.0
3317.0	1.0
3318.0	3.0
3319.0	3.0
3320.0	2.0
3321.0	1.0
3322.0	1.0
3324.0	2.0
3325.0	2.0
3329.0	3.0
3330.0	1.0
3331.0	4.0
3332.0	2.0
3333.0	2.0
3334.0	2.0
3335.0	2.0
3336.0	3.0
3338.0	4.0
3339.0	2.0
3340.0	1.0
3342.0	3.0
3343.0	1.0
3345.0	1.0
3347.0	1.0
3348.0	1.0
3349.0	1.0
3351.0	1.0
3352.0	3.0
3353.0	3.0
3356.0	1.0
3357.0	1.0
3358.0	2.0
3359.0	1.0
3360.0	2.0
3361.0	2.0
3363.0	2.0
3364.0	2.0
3365.0	1.0
3366.0	4.0
3367.0	1.0
3368.0	2.0
3369.0	1.0
3370.0	1.0
3372.0	1.0
3375.0	1.0
3376.0	1.0
3377.0	2.0
3378.0	2.0
3383.0	1.0
3384.0	1.0
3385.0	1.0
3387.0	1.0
3388.0	1.0
3398.0	2.0
3400.0	1.0
3401.0	1.0
3404.0	1.0
3406.0	1.0
3407.0	2.0
3408.0	1.0
3409.0	1.0
3410.0	2.0
3411.0	1.0
3412.0	1.0
3413.0	1.0
3414.0	1.0
3415.0	3.0
3416.0	3.0
3417.0	1.0
3418.0	3.0
3421.0	1.0
3423.0	1.0
3426.0	2.0
3427.0	1.0
3429.0	1.0
3435.0	1.0
3436.0	1.0
3440.0	4.0
3442.0	1.0
3446.0	1.0
3447.0	1.0
3449.0	1.0
3452.0	2.0
3454.0	1.0
3455.0	1.0
3456.0	2.0
3458.0	1.0
3463.0	1.0
3465.0	1.0
3468.0	1.0
3470.0	1.0
3471.0	2.0
3472.0	1.0
3475.0	2.0
3476.0	2.0
3477.0	2.0
3478.0	2.0
3481.0	1.0
3483.0	3.0
3487.0	1.0
3488.0	1.0
3489.0	2.0
3497.0	4.0
3500.0	1.0
3502.0	2.0
3506.0	1.0
3507.0	1.0
3508.0	1.0
3509.0	2.0
3510.0	2.0
3511.0	2.0
3512.0	3.0
3520.0	1.0
3523.0	1.0
3524.0	2.0
3525.0	2.0
3526.0	3.0
3528.0	1.0
3529.0	1.0
3530.0	2.0
3532.0	1.0
3533.0	2.0
3534.0	1.0
3535.0	1.0
3536.0	1.0
3539.0	1.0
3544.0	4.0
3545.0	2.0
3547.0	3.0
3548.0	2.0
3549.0	1.0
3551.0	3.0
3552.0	1.0
3553.0	1.0
3555.0	1.0
3556.0	1.0
3557.0	2.0
3558.0	1.0
3564.0	1.0
3565.0	2.0
3568.0	1.0
3570.0	2.0
3572.0	1.0
3576.0	1.0
3578.0	1.0
3581.0	1.0
3582.0	1.0
3583.0	2.0
3584.0	1.0
3586.0	1.0
3588.0	2.0
3596.0	1.0
3603.0	1.0
3604.0	1.0
3612.0	1.0
3615.0	2.0
3619.0	2.0
3620.0	1.0
3621.0	1.0
3628.0	1.0
3631.0	1.0
3632.0	1.0
3636.0	1.0
3637.0	1.0
3638.0	1.0
3639.0	1.0
3640.0	1.0
3641.0	1.0
3644.0	1.0
3646.0	2.0
3648.0	2.0
3649.0	4.0
3651.0	2.0
3653.0	1.0
3654.0	1.0
3655.0	1.0
3657.0	2.0
3658.0	1.0
3659.0	3.0
3660.0	1.0
3661.0	1.0
3663.0	1.0
3664.0	4.0
3665.0	1.0
3666.0	3.0
3668.0	2.0
3670.0	2.0
3673.0	2.0
3675.0	1.0
3677.0	5.0
3679.0	1.0
3680.0	1.0
3681.0	1.0
3682.0	5.0
3683.0	2.0
3685.0	3.0
3686.0	2.0
3687.0	2.0
3688.0	3.0
3689.0	1.0
3691.0	1.0
3692.0	1.0
3693.0	1.0
3695.0	2.0
3697.0	2.0
3698.0	1.0
3699.0	1.0
3702.0	3.0
3703.0	1.0
3704.0	3.0
3705.0	1.0
3706.0	1.0
3707.0	3.0
3710.0	2.0
3711.0	3.0
3713.0	1.0
3715.0	1.0
3716.0	1.0
3717.0	1.0
3718.0	1.0
3720.0	1.0
3722.0	2.0
3723.0	1.0
3725.0	2.0
3726.0	1.0
3727.0	4.0
3728.0	2.0
3729.0	1.0
3730.0	3.0
3731.0	2.0
3732.0	1.0
3734.0	1.0
3735.0	2.0
3737.0	1.0
3738.0	1.0
3739.0	1.0
3743.0	3.0
3746.0	2.0
3747.0	1.0
3749.0	1.0
3750.0	2.0
3753.0	2.0
3755.0	2.0
3756.0	1.0
3757.0	1.0
3758.0	1.0
3759.0	2.0
3760.0	2.0
3761.0	1.0
3762.0	2.0
3763.0	2.0
3764.0	1.0
3765.0	2.0
3766.0	3.0
3768.0	2.0
3770.0	1.0
3771.0	3.0
3773.0	2.0
3774.0	1.0
3775.0	1.0
3776.0	2.0
3778.0	2.0
3779.0	1.0
3780.0	6.0
3781.0	2.0
3783.0	4.0
3785.0	1.0
3786.0	3.0
3787.0	1.0
3793.0	1.0
3797.0	2.0
3799.0	1.0
3800.0	1.0
3801.0	1.0
3803.0	1.0
3805.0	2.0
3806.0	1.0
3807.0	2.0
3808.0	1.0
3813.0	1.0
3814.0	1.0
3815.0	1.0
3816.0	2.0
3818.0	1.0
3821.0	2.0
3822.0	3.0
3823.0	1.0
3824.0	1.0
3825.0	1.0
3826.0	1.0
3827.0	2.0
3828.0	1.0
3829.0	3.0
3830.0	2.0
3831.0	2.0
3832.0	2.0
3834.0	2.0
3835.0	2.0
3836.0	1.0
3837.0	1.0
3838.0	2.0
3839.0	2.0
3841.0	1.0
3842.0	1.0
3843.0	1.0
3844.0	1.0
3845.0	1.0
3848.0	1.0
3849.0	2.0
3850.0	2.0
3851.0	1.0
3854.0	2.0
3855.0	1.0
3856.0	2.0
3857.0	2.0
3859.0	1.0
3860.0	1.0
3862.0	1.0
3863.0	2.0
3865.0	1.0
3866.0	2.0
3868.0	1.0
3871.0	1.0
3872.0	1.0
3873.0	1.0
3874.0	1.0
3875.0	1.0
3876.0	1.0
3877.0	2.0
3879.0	1.0
3880.0	1.0
3881.0	2.0
3882.0	3.0
3883.0	2.0
3885.0	2.0
3888.0	2.0
3889.0	1.0
3893.0	1.0
3894.0	1.0
3896.0	1.0
3897.0	4.0
3899.0	2.0
3901.0	1.0
3907.0	1.0
3909.0	2.0
3910.0	2.0
3913.0	2.0
3915.0	4.0
3916.0	2.0
3917.0	2.0
3918.0	2.0
3919.0	1.0
3920.0	2.0
3921.0	1.0
3922.0	1.0
3923.0	1.0
3926.0	1.0
3927.0	2.0
3928.0	1.0
3929.0	3.0
3930.0	2.0
3932.0	1.0
3933.0	1.0
3934.0	1.0
3936.0	2.0
3937.0	2.0
3938.0	1.0
3939.0	1.0
3940.0	1.0
3941.0	1.0
3942.0	5.0
3943.0	2.0
3944.0	1.0
3945.0	3.0
3949.0	3.0
3950.0	1.0
3951.0	1.0
3952.0	1.0
3953.0	1.0
3954.0	2.0
3955.0	1.0
3956.0	1.0
3957.0	2.0
3958.0	2.0
3959.0	2.0
3960.0	1.0
3961.0	3.0
3962.0	1.0
3963.0	1.0
3964.0	1.0
3965.0	2.0
3966.0	2.0
3967.0	2.0
3968.0	1.0
3969.0	2.0
3970.0	3.0
3971.0	2.0
3972.0	1.0
3973.0	4.0
3974.0	1.0
3978.0	1.0
3980.0	2.0
3982.0	1.0
3983.0	4.0
3985.0	1.0
3986.0	3.0
3987.0	2.0
3989.0	2.0
3990.0	1.0
3991.0	2.0
3992.0	4.0
3993.0	1.0
3994.0	6.0
3996.0	1.0
3997.0	3.0
3998.0	3.0
3999.0	2.0
4000.0	2.0
4003.0	2.0
4005.0	1.0
4006.0	1.0
4007.0	2.0
4008.0	2.0
4009.0	1.0
4010.0	1.0
4011.0	1.0
4012.0	1.0
4013.0	3.0
4014.0	1.0
4015.0	1.0
4016.0	1.0
4017.0	1.0
4018.0	3.0
4019.0	2.0
4020.0	2.0
4021.0	1.0
4022.0	2.0
4023.0	1.0
4024.0	2.0
4025.0	1.0
4027.0	6.0
4028.0	2.0
4029.0	2.0
4030.0	1.0
4031.0	3.0
4032.0	3.0
4033.0	2.0
4034.0	3.0
4035.0	3.0
4036.0	4.0
4037.0	4.0
4038.0	1.0
4039.0	4.0
4040.0	1.0
4041.0	2.0
4043.0	4.0
4044.0	2.0
4045.0	3.0
4046.0	1.0
4047.0	1.0
4048.0	2.0
4049.0	2.0
4051.0	4.0
4052.0	2.0
4053.0	4.0
4054.0	1.0
4055.0	1.0
4056.0	1.0
4057.0	2.0
4058.0	4.0
4059.0	2.0
4060.0	4.0
4062.0	2.0
4063.0	2.0
4064.0	2.0
4065.0	2.0
4066.0	3.0
4067.0	2.0
4068.0	1.0
4069.0	4.0
4070.0	1.0
4072.0	3.0
4073.0	3.0
4074.0	4.0
4075.0	1.0
4076.0	1.0
4077.0	2.0
4078.0	1.0
4079.0	1.0
4080.0	1.0
4081.0	3.0
4082.0	2.0
4084.0	2.0
4085.0	3.0
4086.0	1.0
4087.0	2.0
4088.0	3.0
4089.0	3.0
4090.0	4.0
4091.0	3.0
4092.0	2.0
4093.0	2.0
4094.0	2.0
4095.0	4.0
4096.0	2.0
4098.0	2.0
4100.0	1.0
4101.0	2.0
4103.0	1.0
4104.0	1.0
4107.0	1.0
4108.0	2.0
4109.0	1.0
4111.0	1.0
4113.0	2.0
4114.0	1.0
4116.0	1.0
4120.0	1.0
4121.0	2.0
4122.0	2.0
4126.0	1.0
4128.0	1.0
4131.0	1.0
4135.0	1.0
4137.0	1.0
4138.0	1.0
4142.0	2.0
4145.0	1.0
4146.0	1.0
4147.0	2.0
4150.0	3.0
4151.0	1.0
4160.0	1.0
4161.0	2.0
4164.0	1.0
4168.0	2.0
4172.0	2.0
4174.0	1.0
4175.0	1.0
4177.0	1.0
4178.0	1.0
4179.0	1.0
4180.0	2.0
4183.0	1.0
4184.0	1.0
4186.0	1.0
4187.0	1.0
4188.0	1.0
4190.0	1.0
4192.0	1.0
4194.0	1.0
4195.0	1.0
4200.0	1.0
4201.0	2.0
4202.0	2.0
4203.0	3.0
4204.0	1.0
4205.0	2.0
4206.0	1.0
4207.0	1.0
4209.0	2.0
4210.0	2.0
4212.0	3.0
4214.0	1.0
4215.0	2.0
4217.0	2.0
4218.0	1.0
4223.0	2.0
4224.0	1.0
4230.0	2.0
4232.0	2.0
4234.0	1.0
4239.0	1.0
4241.0	2.0
4244.0	2.0
4246.0	2.0
4247.0	2.0
4248.0	2.0
4249.0	1.0
4251.0	1.0
4252.0	2.0
4254.0	3.0
4258.0	1.0
4259.0	1.0
4260.0	3.0
4261.0	2.0
4266.0	2.0
4268.0	1.0
4269.0	4.0
4270.0	6.0
4273.0	1.0
4274.0	1.0
4275.0	2.0
4276.0	2.0
4277.0	1.0
4278.0	2.0
4279.0	1.0
4282.0	2.0
4283.0	2.0
4286.0	1.0
4287.0	2.0
4288.0	1.0
4289.0	3.0
4290.0	2.0
4291.0	3.0
4297.0	3.0
4298.0	1.0
4299.0	1.0
4300.0	2.0
4302.0	1.0
4304.0	2.0
4306.0	2.0
4307.0	2.0
4309.0	1.0
4314.0	2.0
4315.0	3.0
4316.0	3.0
4318.0	2.0
4319.0	2.0
4320.0	1.0
4321.0	1.0
4322.0	1.0
4323.0	3.0
4325.0	1.0
4327.0	2.0
4328.0	1.0
4333.0	1.0
4334.0	2.0
4338.0	1.0
4339.0	2.0
4340.0	1.0
4341.0	1.0
4342.0	1.0
4343.0	2.0
4344.0	1.0
4345.0	1.0
4346.0	1.0
4347.0	1.0
4349.0	1.0
4350.0	1.0
4351.0	1.0
4352.0	1.0
4355.0	1.0
4358.0	1.0
4359.0	1.0
4360.0	1.0
4362.0	1.0
4365.0	1.0
4369.0	2.0
4370.0	1.0
4371.0	1.0
4375.0	1.0
4376.0	1.0
4378.0	2.0
4380.0	1.0
4382.0	1.0
4384.0	1.0
4387.0	2.0
4388.0	3.0
4390.0	2.0
4392.0	1.0
4393.0	3.0
4395.0	2.0
4396.0	1.0
4397.0	1.0
4399.0	1.0
4400.0	4.0
4402.0	2.0
4403.0	3.0
4404.0	2.0
4405.0	1.0
4408.0	1.0
4410.0	1.0
4411.0	2.0
4412.0	1.0
4413.0	2.0
4414.0	1.0
4415.0	1.0
4416.0	2.0
4418.0	1.0
4419.0	2.0
4421.0	2.0
4422.0	1.0
4423.0	1.0
4425.0	4.0
4426.0	1.0
4428.0	2.0
4430.0	1.0
4433.0	2.0
4434.0	2.0
4438.0	2.0
4440.0	2.0
4447.0	1.0
4448.0	1.0
4449.0	1.0
4453.0	1.0
4454.0	1.0
4455.0	2.0
4457.0	1.0
4458.0	1.0
4461.0	4.0
4462.0	3.0
4463.0	1.0
4464.0	1.0
4465.0	1.0
4466.0	1.0
4467.0	1.0
4469.0	1.0
4470.0	2.0
4471.0	1.0
4472.0	1.0
4473.0	1.0
4480.0	1.0
4482.0	1.0
4488.0	1.0
4489.0	1.0
4491.0	1.0
4503.0	3.0
4504.0	2.0
4506.0	1.0
4507.0	2.0
4508.0	2.0
4510.0	1.0
4511.0	4.0
4512.0	2.0
4513.0	2.0
4514.0	2.0
4515.0	1.0
4517.0	1.0
4518.0	2.0
4526.0	1.0
4527.0	2.0
4529.0	1.0
4530.0	2.0
4531.0	1.0
4533.0	1.0
4536.0	2.0
4537.0	1.0
4538.0	1.0
4540.0	1.0
4551.0	1.0
4554.0	1.0
4555.0	1.0
4560.0	2.0
4561.0	1.0
4562.0	2.0
4563.0	2.0
4566.0	1.0
4570.0	1.0
4572.0	1.0
4574.0	1.0
4578.0	1.0
4579.0	1.0
4582.0	1.0
4584.0	1.0
4585.0	2.0
4588.0	1.0
4589.0	2.0
4590.0	1.0
4591.0	1.0
4592.0	4.0
4596.0	2.0
4597.0	1.0
4598.0	1.0
4599.0	2.0
4600.0	2.0
4601.0	1.0
4612.0	1.0
4624.0	1.0
4626.0	3.0
4627.0	1.0
4631.0	1.0
4632.0	1.0
4635.0	1.0
4637.0	1.0
4640.0	1.0
4650.0	1.0
4654.0	1.0
4658.0	1.0
4662.0	1.0
4665.0	2.0
4666.0	2.0
4667.0	1.0
4677.0	1.0
4684.0	1.0
4685.0	2.0
4687.0	1.0
4689.0	1.0
4692.0	1.0
4693.0	1.0
4695.0	6.0
4697.0	2.0
4698.0	2.0
4701.0	1.0
4703.0	2.0
4704.0	1.0
4705.0	1.0
4706.0	2.0
4708.0	2.0
4709.0	2.0
4710.0	1.0
4712.0	2.0
4713.0	3.0
4716.0	1.0
4718.0	3.0
4721.0	2.0
4722.0	1.0
4723.0	1.0
4725.0	3.0
4728.0	1.0
4729.0	3.0
4735.0	1.0
4737.0	2.0
4742.0	1.0
4744.0	1.0
4748.0	1.0
4750.0	3.0
4752.0	1.0
4756.0	1.0
4759.0	2.0
4763.0	1.0
4765.0	1.0
4771.0	1.0
4780.0	1.0
4781.0	2.0
4782.0	1.0
4788.0	2.0
4789.0	1.0
4791.0	1.0
4793.0	1.0
4794.0	1.0
4796.0	1.0
4799.0	1.0
4800.0	2.0
4801.0	2.0
4802.0	1.0
4803.0	1.0
4804.0	1.0
4805.0	1.0
4810.0	1.0
4811.0	1.0
4814.0	1.0
4816.0	1.0
4820.0	1.0
4822.0	1.0
4823.0	1.0
4826.0	1.0
4828.0	2.0
4829.0	1.0
4830.0	2.0
4831.0	1.0
4833.0	1.0
4836.0	1.0
4837.0	1.0
4843.0	1.0
4844.0	1.0
4846.0	1.0
4848.0	1.0
4849.0	2.0
4850.0	2.0
4852.0	1.0
4854.0	1.0
4855.0	2.0
4856.0	1.0
4857.0	1.0
4858.0	3.0
4859.0	1.0
4860.0	1.0
4861.0	1.0
4864.0	1.0
4867.0	1.0
4868.0	2.0
4869.0	1.0
4870.0	2.0
4871.0	1.0
4872.0	2.0
4873.0	2.0
4874.0	1.0
4875.0	1.0
4876.0	1.0
4877.0	2.0
4882.0	1.0
4884.0	1.0
4890.0	1.0
4892.0	1.0
4895.0	1.0
4896.0	2.0
4897.0	2.0
4899.0	1.0
4901.0	2.0
4904.0	1.0
4905.0	1.0
4906.0	1.0
4908.0	1.0
4909.0	2.0
4911.0	2.0
4912.0	1.0
4913.0	2.0
4914.0	1.0
4916.0	1.0
4917.0	1.0
4918.0	1.0
4921.0	1.0
4923.0	1.0
4928.0	1.0
4929.0	1.0
4930.0	1.0
4932.0	3.0
4935.0	3.0
4936.0	1.0
4942.0	1.0
4943.0	2.0
4944.0	2.0
4945.0	1.0
4946.0	2.0
4947.0	1.0
4948.0	2.0
4949.0	1.0
4950.0	1.0
4951.0	3.0
4956.0	1.0
4958.0	2.0
4961.0	1.0
4962.0	2.0
4963.0	1.0
4964.0	2.0
4965.0	2.0
4966.0	2.0
4967.0	1.0
4968.0	2.0
4973.0	2.0
4976.0	2.0
4978.0	1.0
4979.0	1.0
4980.0	1.0
4981.0	4.0
4982.0	2.0
4984.0	3.0
4985.0	1.0
4986.0	1.0
4987.0	1.0
4989.0	1.0
4990.0	1.0
4994.0	1.0
5000.0	2.0
5003.0	1.0
5004.0	1.0
5005.0	2.0
5006.0	1.0
5016.0	1.0
5017.0	1.0
5019.0	1.0
5021.0	1.0
5028.0	1.0
5029.0	2.0
5030.0	2.0
5032.0	1.0
5033.0	2.0
5034.0	1.0
5035.0	1.0
5036.0	1.0
5037.0	1.0
5038.0	1.0
5039.0	2.0
5040.0	2.0
5042.0	1.0
5043.0	1.0
5044.0	1.0
5046.0	1.0
5052.0	2.0
5053.0	1.0
5055.0	1.0
5060.0	2.0
5064.0	1.0
5065.0	1.0
5067.0	1.0
5068.0	1.0
5069.0	1.0
5072.0	2.0
5076.0	3.0
5077.0	1.0
5080.0	1.0
5081.0	4.0
5084.0	1.0
5085.0	1.0
5086.0	1.0
5088.0	1.0
5090.0	1.0
5091.0	1.0
5093.0	1.0
5094.0	1.0
5095.0	1.0
5096.0	1.0
5097.0	1.0
5101.0	1.0
5102.0	1.0
5105.0	1.0
5106.0	1.0
5107.0	1.0
5108.0	1.0
5113.0	1.0
5114.0	1.0
5116.0	1.0
5118.0	1.0
5122.0	1.0
5123.0	1.0
5126.0	2.0
5128.0	1.0
5129.0	1.0
5130.0	1.0
5131.0	1.0
5132.0	1.0
5133.0	3.0
5136.0	1.0
5138.0	2.0
5139.0	1.0
5141.0	1.0
5142.0	1.0
5144.0	3.0
5145.0	3.0
5147.0	1.0
5150.0	2.0
5151.0	1.0
5152.0	1.0
5153.0	1.0
5155.0	3.0
5156.0	1.0
5157.0	1.0
5159.0	1.0
5160.0	1.0
5164.0	1.0
5167.0	1.0
5170.0	1.0
5174.0	2.0
5176.0	3.0
5179.0	1.0
5180.0	1.0
5181.0	1.0
5182.0	1.0
5183.0	1.0
5185.0	1.0
5186.0	1.0
5187.0	1.0
5188.0	1.0
5190.0	1.0
5194.0	1.0
5198.0	1.0
5199.0	1.0
5201.0	2.0
5202.0	1.0
5203.0	2.0
5204.0	1.0
5205.0	1.0
5206.0	1.0
5212.0	1.0
5214.0	1.0
5223.0	2.0
5226.0	4.0
5228.0	1.0
5229.0	1.0
5230.0	1.0
5234.0	2.0
5237.0	1.0
5241.0	3.0
5242.0	1.0
5243.0	1.0
5244.0	1.0
5245.0	1.0
5248.0	2.0
5249.0	5.0
5250.0	2.0
5251.0	1.0
5252.0	2.0
5256.0	2.0
5257.0	1.0
5258.0	1.0
5259.0	1.0
5260.0	2.0
5261.0	1.0
5262.0	1.0
5263.0	2.0
5264.0	2.0
5265.0	1.0
5267.0	1.0
5271.0	3.0
5272.0	1.0
5276.0	1.0
5277.0	1.0
5278.0	1.0
5280.0	2.0
5283.0	1.0
5286.0	1.0
5288.0	1.0
5290.0	1.0
5292.0	1.0
5293.0	1.0
5294.0	2.0
5295.0	1.0
5298.0	1.0
5304.0	2.0
5306.0	4.0
5308.0	1.0
5309.0	2.0
5310.0	2.0
5312.0	2.0
5314.0	1.0
5317.0	1.0
5319.0	1.0
5320.0	1.0
5322.0	3.0
5324.0	1.0
5328.0	1.0
5332.0	1.0
5338.0	1.0
5339.0	2.0
5340.0	2.0
5341.0	2.0
5343.0	1.0
5346.0	1.0
5347.0	2.0
5348.0	3.0
5350.0	2.0
5352.0	3.0
5353.0	2.0
5355.0	1.0
5358.0	2.0
5359.0	1.0
5364.0	2.0
5366.0	1.0
5367.0	1.0
5368.0	2.0
5372.0	1.0
5373.0	1.0
5376.0	1.0
5379.0	1.0
5382.0	1.0
5384.0	2.0
5385.0	2.0
5386.0	1.0
5389.0	1.0
5390.0	2.0
5396.0	2.0
5397.0	1.0
5400.0	1.0
5404.0	1.0
5405.0	1.0
5406.0	1.0
5409.0	2.0
5414.0	1.0
5419.0	1.0
5420.0	2.0
5422.0	1.0
5425.0	1.0
5433.0	1.0
5434.0	1.0
5436.0	1.0
5439.0	1.0
5450.0	1.0
5451.0	1.0
5453.0	1.0
5455.0	1.0
5456.0	1.0
5459.0	1.0
5460.0	1.0
5466.0	1.0
5467.0	2.0
5472.0	1.0
5473.0	1.0
5474.0	2.0
5476.0	3.0
5478.0	1.0
5486.0	1.0
5488.0	1.0
5493.0	1.0
5497.0	1.0
5502.0	1.0
5507.0	2.0
5508.0	1.0
5511.0	1.0
5515.0	1.0
5516.0	2.0
5517.0	1.0
5521.0	1.0
5522.0	1.0
5525.0	2.0
5526.0	1.0
5527.0	1.0
5528.0	4.0
5531.0	1.0
5532.0	2.0
5533.0	1.0
5534.0	1.0
5535.0	1.0
5536.0	2.0
5540.0	1.0
5541.0	1.0
5542.0	2.0
5545.0	1.0
5546.0	1.0
5552.0	1.0
5553.0	3.0
5554.0	1.0
5556.0	1.0
5558.0	1.0
5563.0	1.0
5565.0	1.0
5567.0	1.0
5572.0	2.0
5575.0	1.0
5581.0	1.0
5584.0	1.0
5586.0	1.0
5591.0	2.0
5595.0	1.0
5597.0	1.0
5601.0	1.0
5602.0	2.0
5603.0	2.0
5605.0	1.0
5608.0	1.0
5609.0	1.0
5612.0	1.0
5614.0	1.0
5615.0	1.0
5619.0	1.0
5620.0	1.0
5626.0	2.0
5632.0	1.0
5636.0	4.0
5638.0	1.0
5639.0	3.0
5640.0	2.0
5642.0	1.0
5643.0	1.0
5646.0	1.0
5648.0	1.0
5652.0	1.0
5654.0	1.0
5655.0	2.0
5656.0	1.0
5657.0	1.0
5658.0	1.0
5659.0	1.0
5660.0	2.0
5664.0	1.0
5665.0	1.0
5670.0	1.0
5679.0	1.0
5680.0	1.0
5683.0	1.0
5684.0	1.0
5687.0	1.0
5688.0	1.0
5692.0	1.0
5693.0	1.0
5694.0	1.0
5695.0	1.0
5696.0	1.0
5698.0	2.0
5702.0	1.0
5706.0	1.0
5707.0	2.0
5708.0	1.0
5718.0	1.0
5724.0	1.0
5728.0	1.0
5729.0	1.0
5731.0	1.0
5732.0	1.0
5734.0	1.0
5735.0	1.0
5736.0	1.0
5737.0	1.0
5743.0	1.0
5745.0	1.0
5752.0	1.0
5759.0	1.0
5773.0	1.0
5779.0	1.0
5781.0	1.0
5786.0	1.0
5791.0	1.0
5793.0	1.0
5796.0	1.0
5805.0	1.0
5811.0	1.0
5813.0	2.0
5815.0	2.0
5821.0	1.0
5823.0	1.0
5826.0	1.0
5827.0	1.0
5829.0	1.0
5836.0	1.0
5841.0	1.0
5843.0	1.0
5844.0	1.0
5850.0	1.0
5859.0	1.0
5860.0	1.0
5862.0	1.0
5863.0	1.0
5870.0	1.0
5871.0	1.0
5874.0	1.0
5876.0	1.0
5879.0	1.0
5882.0	1.0
5885.0	2.0
5889.0	1.0
5891.0	2.0
5894.0	2.0
5907.0	1.0
5908.0	2.0
5910.0	1.0
5918.0	1.0
5919.0	2.0
5928.0	2.0
5929.0	2.0
5933.0	1.0
5939.0	1.0
5942.0	1.0
5946.0	1.0
5947.0	1.0
5950.0	1.0
5951.0	1.0
5967.0	1.0
5968.0	1.0
5969.0	1.0
5975.0	1.0
5979.0	1.0
5982.0	2.0
5986.0	1.0
5990.0	2.0
6004.0	1.0
6013.0	1.0
6019.0	1.0
6021.0	1.0
6026.0	1.0
6029.0	2.0
6031.0	1.0
6035.0	1.0
6036.0	2.0
6038.0	1.0
6040.0	1.0
6047.0	1.0
6068.0	1.0
6085.0	1.0
6092.0	2.0
6095.0	1.0
6098.0	1.0
6108.0	1.0
6111.0	3.0
6123.0	1.0
6129.0	1.0
6139.0	1.0
6140.0	1.0
6143.0	2.0
6150.0	1.0
6153.0	2.0
6155.0	1.0
6156.0	1.0
6158.0	2.0
6159.0	1.0
6164.0	2.0
6169.0	1.0
6176.0	1.0
6179.0	1.0
6184.0	1.0
6187.0	1.0
6199.0	1.0
6205.0	1.0
6212.0	2.0
6222.0	1.0
6223.0	1.0
6224.0	1.0
6227.0	1.0
6230.0	1.0
6234.0	2.0
6239.0	1.0
6277.0	1.0
6280.0	1.0
6281.0	1.0
6282.0	1.0
6284.0	1.0
6285.0	1.0
6286.0	1.0
6301.0	1.0
6303.0	1.0
6306.0	1.0
6310.0	1.0
6318.0	1.0
6324.0	1.0
6325.0	1.0
6326.0	1.0
6329.0	1.0
6335.0	1.0
6336.0	1.0
6340.0	1.0
6343.0	1.0
6345.0	1.0
6347.0	1.0
6348.0	1.0
6349.0	1.0
6353.0	2.0
6355.0	1.0
6357.0	2.0
6358.0	1.0
6361.0	2.0
6369.0	1.0
6370.0	1.0
6371.0	1.0
6372.0	1.0
6373.0	1.0
6380.0	1.0
6381.0	1.0
6395.0	1.0
6397.0	1.0
6398.0	1.0
6405.0	1.0
6407.0	1.0
6428.0	1.0
6430.0	1.0
6432.0	1.0
6434.0	1.0
6448.0	3.0
6453.0	1.0
6461.0	1.0
6486.0	1.0
6487.0	1.0
6491.0	1.0
6498.0	2.0
6503.0	1.0
6507.0	1.0
6511.0	1.0
6512.0	1.0
6515.0	1.0
6519.0	1.0
6526.0	1.0
6531.0	1.0
6533.0	1.0
6543.0	2.0
6546.0	2.0
6549.0	1.0
6553.0	2.0
6554.0	1.0
6555.0	2.0
6556.0	1.0
6557.0	1.0
6559.0	1.0
6561.0	1.0
6563.0	2.0
6564.0	1.0
6565.0	1.0
6574.0	1.0
6576.0	2.0
6577.0	1.0
6581.0	1.0
6583.0	1.0
6587.0	1.0
6589.0	1.0
6591.0	1.0
6596.0	1.0
6636.0	1.0
6647.0	2.0
6651.0	2.0
6657.0	1.0
6660.0	1.0
6663.0	1.0
6664.0	1.0
6676.0	1.0
6677.0	1.0
6700.0	1.0
6713.0	1.0
6729.0	1.0
6743.0	1.0
6745.0	1.0
6748.0	1.0
6761.0	1.0
6773.0	1.0
6780.0	1.0
6782.0	1.0
6790.0	1.0
6796.0	1.0
6809.0	1.0
6814.0	1.0
6817.0	1.0
6889.0	1.0
7394.0	1.0
7395.0	1.0
7538.0	1.0
7575.0	1.0
7587.0	1.0
7612.0	1.0
7619.0	1.0
7671.0	1.0
7682.0	1.0
