#Position (bp)	Coverage	Std
20.0	0.0	0.0
59.0	373.0769230769231	330.47013907539787
98.0	1436.025641025641	219.74968276865158
137.0	1948.5641025641025	143.90568492539137
176.0	2306.5641025641025	135.9355993825275
215.0	2536.25641025641	110.84361818484625
254.0	2798.769230769231	178.17651864056606
293.0	2938.871794871795	150.41455535132906
332.0	3585.5641025641025	176.32043964299194
371.0	1820.5384615384614	938.566419107845
410.0	2031.1538461538462	208.73894873249822
449.0	2754.8205128205127	238.40656934676113
488.0	3501.5641025641025	307.475619212737
527.0	3926.5897435897436	114.68060440040388
566.0	3825.4871794871797	149.91809729794463
605.0	3476.1794871794873	297.71126952132664
644.0	4094.7179487179487	184.45004882845663
683.0	3968.923076923077	166.120206708648
722.0	4363.666666666667	263.8438252121205
761.0	4623.948717948718	444.8456949411695
800.0	4141.0	135.8110489821799
839.0	4113.025641025641	75.20280273008517
878.0	1752.2051282051282	1029.317697835281
917.0	1661.5384615384614	218.5082877029427
956.0	2525.5384615384614	423.41311584157023
995.0	2543.74358974359	116.5873723205692
1034.0	3050.6923076923076	168.144473898383
1073.0	3485.6153846153848	179.44429890708713
1112.0	3867.8205128205127	186.48063073956496
1151.0	3995.4102564102564	90.98436044812311
1190.0	3944.7179487179487	102.6440201463001
1229.0	3816.4615384615386	146.13683436756807
1268.0	3281.0	346.4528679973511
1307.0	3585.74358974359	116.68234326910797
1346.0	3389.25641025641	122.75470642186392
1385.0	3088.871794871795	129.15157066458005
1424.0	3161.4102564102564	275.9327305610409
1463.0	2931.4615384615386	86.52789679101222
1502.0	2980.4871794871797	82.37142272688963
1541.0	3277.025641025641	122.43679688218712
1580.0	3143.923076923077	160.6979169523365
1619.0	3171.3076923076924	102.91333172215342
1658.0	3231.923076923077	96.46123175022153
1697.0	2775.102564102564	112.9138541612057
1736.0	2709.4102564102564	100.10648176970349
1775.0	2780.923076923077	104.5201489592412
1814.0	2718.358974358974	77.3060849431077
1853.0	2586.076923076923	108.80811150003942
1892.0	2203.3333333333335	60.91818809703696
1931.0	2100.5128205128203	109.84908061891537
1970.0	2016.948717948718	132.35354750992323
2009.0	2325.4615384615386	179.0006446056298
2048.0	1925.871794871795	173.90146045596626
2087.0	1436.3076923076924	149.00903431568253
2126.0	740.1794871794872	356.42091941252795
2163.5	0.0	0.0
2183.0	0.0	0.0
2204.0	0.0	0.0
2243.0	0.0	0.0
2282.0	0.0	0.0
2321.0	0.0	0.0
2360.0	0.0	0.0
2399.0	0.0	0.0
2438.0	0.0	0.0
2477.0	0.0	0.0
2516.0	0.0	0.0
2555.0	0.0	0.0
2594.0	0.0	0.0
2633.0	0.0	0.0
2672.0	0.0	0.0
2711.0	0.0	0.0
2750.0	0.0	0.0
2789.0	0.0	0.0
2828.0	0.0	0.0
2867.0	0.0	0.0
2906.0	0.0	0.0
2945.0	0.0	0.0
2984.0	0.0	0.0
3023.0	0.0	0.0
3062.0	0.0	0.0
3101.0	0.0	0.0
3140.0	0.0	0.0
3179.0	0.0	0.0
3218.0	0.0	0.0
3257.0	0.0	0.0
3294.5	0.0	0.0
3314.0	2390.3333333333335	41.00812927538852
3335.0	2867.102564102564	163.9706821824712
3374.0	3746.358974358974	215.62473337033018
3413.0	3584.25641025641	129.69599562843854
3452.0	4181.410256410257	174.94526616587223
3491.0	4594.666666666667	436.71556782359835
3530.0	4585.333333333333	312.82751043035194
3569.0	5429.4358974358975	126.63950451010146
3608.0	5336.410256410257	209.74013225161258
3647.0	5007.2307692307695	394.2445876252405
3686.0	4983.153846153846	590.5563001016449
3725.0	2213.4358974358975	492.6945014863389
3764.0	3232.7948717948716	100.68674447423571
3803.0	4224.0	846.9235124244905
3842.0	4951.589743589743	791.6775275908165
3881.0	4532.128205128205	307.8290817803672
3920.0	4741.897435897436	272.4762986634472
3959.0	6516.25641025641	657.9964733753213
3998.0	6578.205128205128	151.04363438151321
4037.0	4652.974358974359	1923.4791194803556
4076.0	3125.5384615384614	405.9075933743714
4115.0	3891.3333333333335	482.2641312680138
4154.0	5109.7692307692305	305.8038167828778
4193.0	6084.820512820513	249.79940670414726
4232.0	4688.358974358975	534.8868559966193
4271.0	4974.333333333333	167.2613493140598
4310.0	5025.282051282052	206.51007301439773
4349.0	5739.153846153846	410.8654405719857
4388.0	6358.48717948718	219.72406938399848
4427.0	5878.48717948718	226.74587605444063
4466.0	5888.333333333333	166.14636735305396
4505.0	5695.282051282052	377.11791667451166
4544.0	5110.641025641025	280.7766700805818
4583.0	5001.179487179487	200.76015796377544
4622.0	5338.538461538462	204.7076714957989
4661.0	4807.461538461538	279.3118374936943
4700.0	4715.0	300.1173702027858
4739.0	5011.641025641025	261.8003251648322
4778.0	4416.48717948718	279.4018335934538
4817.0	4382.615384615385	139.8787936860912
4856.0	4112.74358974359	161.83372283350627
4895.0	4166.589743589743	127.45587471748802
4934.0	3510.6666666666665	244.235857003336
4973.0	3074.7948717948716	182.5312056215099
5012.0	3063.948717948718	294.36894694086885
5051.0	2622.897435897436	96.4927259115733
5090.0	2311.4358974358975	166.4418740458573
5124.5	1775.0666666666666	312.2717299617967
5144.0	545.3333333333334	22.047927592205216
5168.0	540.3076923076923	64.41531908896604
5207.0	519.2051282051282	42.75451693036292
5246.0	653.2564102564103	42.95495553633118
5285.0	641.0512820512821	39.957349056084155
5324.0	657.0	60.12081852830027
5363.0	749.1282051282051	105.41176891429629
5402.0	851.8974358974359	64.75535815866033
5441.0	923.8205128205128	137.7852286377943
5480.0	1049.5384615384614	38.06606941917884
5519.0	777.0	297.72849445469
5558.0	547.6666666666666	78.97971177330844
5597.0	740.0512820512821	64.89162563014678
5636.0	902.7692307692307	85.5682363784782
5675.0	1094.2307692307693	65.93664402774077
5714.0	1072.923076923077	92.46731924418076
5753.0	1117.0	58.90801173145938
5792.0	1212.2564102564102	91.54906208820903
5831.0	1253.6666666666667	70.62922326832744
5870.0	1230.2307692307693	70.06132844579632
5909.0	1184.2564102564102	35.748408607219815
5948.0	1226.5384615384614	85.68412473013451
5987.0	1119.3589743589744	86.29169375007362
6026.0	1091.6410256410256	46.0125400967362
6065.0	1062.5641025641025	51.95461530299309
6104.0	876.8461538461538	106.01306160454592
6143.0	841.025641025641	193.47159070586144
6182.0	1059.4615384615386	32.90701741075531
6221.0	1138.3333333333333	39.61416478082055
6260.0	1239.5641025641025	98.76286024666612
6299.0	1261.4615384615386	93.350730979243
6338.0	1151.4871794871794	37.808898694788176
6377.0	1186.6153846153845	39.88894840840313
6416.0	1197.4358974358975	111.2231529115667
6455.0	939.3846153846154	157.19439214894683
6494.0	649.1282051282051	58.20851114081815
6533.0	792.1025641025641	77.0039959003127
6572.0	883.7435897435897	42.598001638454235
6611.0	1037.025641025641	39.03712894024733
6650.0	1097.5384615384614	48.56637013090698
6689.0	1220.179487179487	47.100002721977106
6728.0	610.974358974359	180.8621801403715
6767.0	759.6923076923077	35.07610772781627
6806.0	827.0512820512821	39.484823439535
6845.0	814.2564102564103	38.35696038864886
6884.0	622.6410256410256	124.07152610387108
6923.0	778.8974358974359	60.40525533258571
6962.0	997.1282051282051	92.6995422221983
7001.0	1130.4615384615386	57.48400000356839
7040.0	1148.871794871795	95.69476045995019
7079.0	1021.3076923076923	36.2328650926269
7118.0	1074.6153846153845	43.655704241490604
7157.0	1119.051282051282	51.36396022754178
7196.0	970.3333333333334	45.871336226226276
7235.0	612.8717948717949	149.8091093050394
7274.0	688.7179487179487	58.89495211489161
7313.0	732.7692307692307	87.14076440170163
7352.0	647.8974358974359	65.05934174826808
7391.0	663.2820512820513	33.58838321770637
7430.0	691.7435897435897	39.5328490479263
7469.0	880.3333333333334	36.66235405873778
7508.0	797.2820512820513	47.63563630470231
7542.0	729.8620689655172	44.51772215878571
7561.5	0.0	0.0
7586.0	0.0	0.0
7625.0	0.0	0.0
7664.0	64.56410256410257	20.23832363585836
7703.0	181.10256410256412	79.9865373287665
7742.0	364.79487179487177	43.60339906769203
7781.0	449.1794871794872	25.299741561465336
7820.0	500.71794871794873	193.74739038771924
7859.0	821.9230769230769	91.49036659390501
7898.0	542.1538461538462	157.98620517513862
7937.0	707.3333333333334	96.26818842465107
7976.0	969.6666666666666	48.9049313228457
8015.0	1052.6666666666667	42.548012096139765
8054.0	1183.3846153846155	61.26696520671643
8093.0	1045.5128205128206	52.008874982285526
8132.0	1210.948717948718	135.68373860959534
8171.0	1418.3846153846155	56.055375551371
8210.0	1284.6153846153845	41.5815540958457
8249.0	1135.2307692307693	148.11464720934507
8288.0	957.025641025641	135.81218177302338
8327.0	1046.076923076923	83.57385801546887
8366.0	1109.025641025641	43.677430656095105
8405.0	1210.128205128205	81.31641269976805
8444.0	1022.3333333333334	91.8069323118508
8483.0	799.3846153846154	33.59372652056478
8522.0	690.2307692307693	36.58183660275618
8561.0	445.20512820512823	86.1734982165154
8600.0	538.1794871794872	57.69326494932327
8639.0	618.7179487179487	170.68804954187698
8678.0	783.3076923076923	95.47062912561644
8717.0	985.4102564102565	52.910180301026465
8756.0	1239.7179487179487	101.82715370061784
8795.0	1229.3333333333333	41.76153303011927
8834.0	1261.051282051282	43.57222121419216
8873.0	3745.153846153846	756.2399225859608
8912.0	1221.7692307692307	767.8084864045668
8951.0	864.3333333333334	87.42542609678905
8990.0	803.974358974359	160.18827064202299
9029.0	954.7692307692307	124.30628013922407
9068.0	667.3589743589744	54.92979201928642
9107.0	599.8205128205128	48.06165911538077
9146.0	849.3076923076923	320.57892343983895
9185.0	1231.974358974359	138.44002681898397
9224.0	1437.8461538461538	96.34247139694806
9263.0	1435.8974358974358	154.45736279982575
9302.0	781.8205128205128	199.31813251362254
9341.0	1112.5384615384614	55.86246847943163
9380.0	1131.2051282051282	44.828447927513054
9419.0	1201.128205128205	31.487075085437723
9458.0	1148.4871794871794	120.42244019518957
9497.0	407.38461538461536	330.9478229849255
9536.0	78.84615384615384	18.0412632453268
9575.0	1081.4102564102564	278.22288611646286
9614.0	1253.948717948718	59.96131231351594
9653.0	1110.2051282051282	28.100552052246265
9692.0	1017.6410256410256	44.89617652614338
9731.0	703.3589743589744	153.44580601833135
9770.0	846.2820512820513	235.23387162348533
9809.0	1011.6410256410256	38.180072665174386
9848.0	1125.6666666666667	104.72038471261934
9887.0	1142.6666666666667	342.6901119386331
9926.0	1131.2051282051282	171.33315873482067
9965.0	1254.7435897435898	54.7537611399825
10004.0	1342.6923076923076	71.41338666434854
10043.0	1201.6923076923076	53.208829034094514
10082.0	900.3589743589744	81.70161470958743
10121.0	833.6410256410256	44.822727751408415
10160.0	872.5384615384615	185.16970733038517
10199.0	1001.1538461538462	53.83926695885288
10238.0	919.7948717948718	60.42138354708226
10277.0	722.1282051282051	76.70539712900258
10316.0	574.6923076923077	79.42082010824798
10355.0	636.2564102564103	127.46744179573344
10394.0	402.8205128205128	81.52992214597177
10433.0	377.3333333333333	161.92321700462912
10472.0	767.2307692307693	39.965690413858454
10511.0	661.8974358974359	60.28202946917981
10550.0	602.8205128205128	33.12486090923908
10589.0	754.8717948717949	133.90103502022353
10628.0	637.1025641025641	26.0605803111495
10667.0	575.2564102564103	30.92132282306481
10706.0	416.0	106.66818909169952
10745.0	31.205128205128204	44.399122190444835
10784.0	0.0	0.0
10823.0	0.0	0.0
10862.0	0.0	0.0
10901.0	0.0	0.0
10938.0	0.0	0.0
10957.5	0.0	0.0
10979.0	19.435897435897434	47.308317694427934
11018.0	308.7692307692308	68.4648515476072
11057.0	502.4102564102564	35.98218932635893
11096.0	652.974358974359	91.76153598964818
11135.0	809.6410256410256	47.686744919585635
11174.0	860.1025641025641	19.293947503203626
11213.0	968.1025641025641	57.219550182405996
11252.0	1158.5128205128206	63.60172550473374
11291.0	1278.871794871795	67.84408974126265
11330.0	1312.3333333333333	36.096380953618436
11369.0	1244.3333333333333	45.52288801617551
11408.0	1145.051282051282	71.65497817622997
11447.0	1147.6153846153845	94.06271775679649
11486.0	1109.7179487179487	68.6804193347711
11525.0	1381.4358974358975	57.868108217894914
11564.0	1424.820512820513	63.23683606805052
11603.0	1158.128205128205	282.891072631073
11642.0	923.1794871794872	81.8131078457763
11681.0	925.3589743589744	32.19173329144838
11720.0	1096.4871794871794	60.71011405620975
11759.0	1235.7948717948718	65.25354887686755
11798.0	1320.076923076923	95.26602429311035
11837.0	1278.5897435897436	80.37492273793019
11876.0	1332.6410256410256	49.94509806290058
11915.0	1422.871794871795	74.25009712503409
11954.0	1310.128205128205	52.078835703241694
11993.0	1358.1538461538462	67.20500591855308
12032.0	1283.3846153846155	48.220380838450886
12071.0	1340.4871794871794	71.22265557157178
12110.0	1332.5897435897436	80.81111246255674
12149.0	1285.128205128205	28.287897203667182
12188.0	1363.4358974358975	73.03652054508933
12227.0	1419.3333333333333	64.11728036205015
12266.0	1615.948717948718	68.9040581589286
12305.0	1594.0	64.16045590988274
12344.0	1433.6410256410256	78.24239129060253
12383.0	1310.5128205128206	64.92678322146605
12422.0	1283.5641025641025	49.110028220260254
12461.0	1008.4102564102565	237.9366970327859
12500.0	1112.4871794871794	45.95454833659559
12539.0	1218.820512820513	71.64048418568231
12578.0	1222.3333333333333	54.200955616515714
12617.0	1388.7692307692307	84.01007265615388
12656.0	1303.3589743589744	55.62373594069352
12695.0	1454.1538461538462	71.88915969777004
12734.0	1332.025641025641	69.38539711879767
12773.0	971.2564102564103	135.57777595658285
12812.0	843.6153846153846	51.73155561312527
12851.0	938.0	266.4015669469586
12890.0	1295.6410256410256	311.8415113565355
12929.0	1264.1538461538462	411.9636217447188
12968.0	1476.3589743589744	119.6874133861911
13007.0	830.4358974358975	234.36373220777782
13046.0	780.0512820512821	23.7135685491107
13085.0	884.5128205128206	51.828613026060474
13124.0	1122.4615384615386	72.87432103743228
13163.0	1209.8974358974358	55.61543781250845
13202.0	1288.2051282051282	80.6318000511414
13241.0	1428.051282051282	190.885050656416
13280.0	948.5128205128206	45.35218310975229
13319.0	1171.8974358974358	108.36240241158485
13358.0	1381.3076923076924	57.66548094230851
13397.0	1357.4615384615386	52.74345262562694
13436.0	1306.7692307692307	49.94817827329142
13475.0	1355.2564102564102	57.196467525853315
13514.0	1419.4615384615386	68.04448017327528
13553.0	1266.923076923077	65.97085603623586
13592.0	1307.4358974358975	63.00040699909209
13631.0	1177.6153846153845	72.9520390393579
13670.0	1041.820512820513	46.05626436413942
13709.0	1000.4615384615385	41.012193308819754
13748.0	1206.1538461538462	199.39935447263238
13787.0	1260.871794871795	100.55334086431071
13826.0	1197.1025641025642	320.12081052835856
13865.0	719.974358974359	46.023962543496026
13904.0	884.2307692307693	87.034328623678
13943.0	1089.5384615384614	55.75886729526751
13982.0	1230.3589743589744	133.411643669759
14021.0	1388.7179487179487	47.853944456021594
14060.0	1391.3076923076924	44.58526835005306
14099.0	1222.948717948718	66.31335867275538
14138.0	1407.0	75.23842444403326
14177.0	1516.7692307692307	55.21612547816535
14216.0	1515.8974358974358	64.70227674034746
14255.0	1544.2051282051282	65.48047272044153
14294.0	1339.2307692307693	37.43781168270589
14333.0	1295.2307692307693	32.929606349894286
14372.0	1363.3846153846155	86.58906782421639
14411.0	1307.4615384615386	38.351277851207264
14450.0	1199.3076923076924	48.692652001860175
14489.0	1404.3846153846155	75.59965404886286
14528.0	1409.6153846153845	62.56955104480731
14567.0	1421.871794871795	51.934623597415644
14606.0	1434.3333333333333	49.92327446525574
14645.0	1238.0	67.2614493161016
14684.0	1215.2307692307693	55.70480806021813
14723.0	1203.1025641025642	46.917275807859426
14762.0	1190.4615384615386	70.79855858303891
14801.0	1162.2307692307693	57.034402573560854
14840.0	1064.974358974359	47.55293945995351
14879.0	946.3589743589744	77.1718030078806
14918.0	841.4358974358975	52.79471613032884
14957.0	728.8974358974359	54.66166331074622
14996.0	835.3333333333334	78.67084951939073
15035.0	973.3076923076923	38.08694506803316
15074.0	801.3846153846154	75.39077682826493
15113.0	599.0	98.80101733100223
15152.0	252.46153846153845	127.89739477308986
15191.0	0.48717948717948717	2.1897195699156993
15213.0	0.0	0.0
