# Position (bp)	A	C	G	T	N
0.0	34.756945429779506	18.48520105564857	30.08598427878203	16.67186923578989	0.0
1.0	26.6861138226147	14.624526117454769	11.880547547161244	46.808812512769286	0.0
2.0	36.99936499296956	13.866399056560983	11.25833446727446	37.87590148319499	0.0
3.0	24.235626030354016	15.029147334251093	8.631463258496348	52.10319685922602	5.665176725187942E-4
4.0	44.27668757813517	6.359424585777562	6.623033539431035	42.74085429665624	0.0
5.0	51.85082623143522	8.111422564821304	15.530551348418745	24.506634717544138	5.65137780590908E-4
6.0	38.45810598615018	10.130364546265858	16.184295251974106	35.227234215609855	0.0
7.0	45.08643117956127	13.193523446185798	14.346503530049157	27.373541844203782	0.0
8.0	19.751679631750257	26.602772027009493	17.63458208054335	36.0109662606969	0.0
9.0	36.66820702402958	12.971123934899238	7.219016275190477	43.141652765880714	0.0
10.0	33.25148813713951	9.40356251865451	21.031024210034296	36.27957267797107	0.034352456200618345
11.0	31.62569728628281	12.580705082379694	10.908343793800274	44.88525383753722	0.0
12.0	31.468849988472332	15.59777993960626	17.042393706454934	35.89097636546648	0.0
13.0	31.06284185259513	20.376522702104097	11.966878594195322	36.593756851105454	0.0
14.0	43.59648088572985	14.000662500771982	13.840651721098403	28.562204892399766	0.0
15.0	43.225965774836816	10.596442783137737	11.364797135368434	34.81279430665701	0.0
16.0	41.520953048353185	10.389348283111422	10.743097407147863	37.34660126138753	0.0
17.0	38.98288936091511	12.656156299214805	11.637812662881739	36.72314167698835	0.0
18.0	38.752842595808076	10.943013655662227	12.077811509292347	38.226332239237344	0.0
19.0	38.14895511854686	13.022510740070686	11.860846771257497	36.967687370124956	0.0
20.0	37.94344530654348	10.796295465757726	11.466228640624298	39.794030587074495	0.0
21.0	35.41340778990688	12.738353545377581	11.71962166192903	40.12861700278651	0.0
22.0	37.27020376908048	12.879286948981717	11.24080111259382	38.60970816934399	0.0
23.0	39.29184996592183	11.547148980752873	11.705429413123195	37.4555716402021	0.0
24.0	38.3945776004868	12.33843796130399	12.559863876587448	36.707120561621764	0.0
25.0	37.73675364084515	11.380531772084785	12.439225241688947	38.443489345381124	0.0
26.0	37.56036123552036	11.796067977340886	12.905302752189948	37.7382680349488	0.0
27.0	35.01245924611673	12.202150561937426	12.456420890850223	40.328969301095626	0.0
28.0	38.36779514232831	11.378340286071694	11.956823211768901	38.2970413598311	0.0
29.0	35.108798432713705	11.236559444202229	12.93464167011115	40.72000045297292	0.0
30.0	36.562149421510085	12.26670595034392	11.781703627318775	39.389441000827226	0.0
31.0	36.367554325636256	11.770176473256816	11.880755795490632	39.9815134056163	0.0
32.0	36.64119103318267	11.444729610029754	12.126098707669945	39.78798064911763	0.0
33.0	38.19596069868996	12.086631186317321	11.998498908296943	37.71890920669578	0.0
34.0	38.03113000079762	10.297854400018231	11.706224860701223	39.964790738482925	0.0
35.0	38.31299190144861	12.133569065814989	10.920497319493554	38.63294171324284	0.0
36.0	37.1603730963451	12.305774300730295	12.320643253784434	38.21320934914018	0.0
37.0	36.804696449026345	11.399198167239405	10.764032073310425	41.032073310423826	0.0
38.0	38.04076288269042	11.51962051123018	11.463340397061948	38.97627620901745	0.0
39.0	35.76516035572009	11.013066447455405	11.977097788533948	41.244675408290554	0.0
40.0	36.94873200426993	11.276073973630304	11.57785407230028	40.197339949799485	0.0
41.0	37.83294693084648	11.65278123066783	12.472609748905835	38.04166208957985	0.0
42.0	38.81725288474906	10.834028453589138	11.602715603132676	38.746003058529126	0.0
43.0	38.734384338209274	11.371509141653563	11.729516139326808	38.16459038081036	0.0
44.0	37.10184409052808	10.59246065008848	12.240383719847257	40.06531153953618	0.0
45.0	37.566149900920855	11.294439911411587	11.455297820258771	39.684112367408794	0.0
46.0	38.434522871927705	12.032483329541279	12.140411058800193	37.39258273973082	0.0
47.0	37.696995903770755	13.030800605377104	10.986776366919297	38.28542712393285	0.0
48.0	36.53823660139893	11.768077291973706	12.273375909420544	39.42031019720682	0.0
49.0	35.680682496401445	12.365566230939368	11.966507121040127	39.98724415161906	0.0
50.0	37.31942450259326	12.979166056201835	11.694552700208046	38.00685674099687	0.0
51.0	37.200866364965044	12.862232709386207	11.044979368070107	38.89192155757864	0.0
52.0	38.76247340769384	12.400535959850027	11.688273527579602	37.148717104876525	0.0
53.0	35.95616709236219	12.948010216692756	11.302510622770983	39.79331206817406	0.0
54.0	36.927829095903654	12.23775193204393	12.582601878105859	38.251817093946556	0.0
55.0	38.613417096701816	11.773319320288605	11.113800880932418	38.49946270207716	0.0
56.0	38.253973885892705	13.033399564764878	11.938215536001513	36.7744110133409	0.0
57.0	38.55991663360826	12.253912240294152	11.71629374811271	37.46987737798488	0.0
58.0	38.97047924535014	11.465009694001576	11.984987637924595	37.57952342272369	0.0
59.0	37.17200128173177	11.865513108080844	11.081045798174719	39.88143981201267	0.0
60.0	36.84861457961708	12.107266024497562	11.367582352241644	39.67653704364372	0.0
61.0	37.79368586555813	13.702660369604965	9.813053499216839	38.69060026562007	0.0
62.0	37.398131643426474	12.131202270166506	12.233145146386393	38.23752094002062	0.0
63.0	38.61717751853753	12.082532328744223	12.33626670169196	36.96402345102628	0.0
64.0	37.99256149918081	11.123070115643575	12.207751826737942	38.67661655843768	0.0
65.0	37.4417434435166	12.020918446811315	13.260929469131513	37.27640864054057	0.0
66.0	36.75729506623152	13.332693415242849	12.616985025916684	37.29242656939912	5.999232098291418E-4
67.0	36.49306181293927	14.332312128311408	10.771910854808674	38.40271520394065	0.0
68.0	39.19995673492933	10.392029612537256	12.277064705316796	38.130948947216616	0.0
69.0	34.78174471749354	12.184841058127141	13.143490278020318	39.889923946359005	0.0
70.0	38.33135015311762	11.443050513714145	11.860424380432354	38.365174952735885	0.0
71.0	40.385965336948104	11.704831525948876	11.842200813323005	36.06700232378002	0.0
72.0	38.01298646182574	13.164101102818584	11.429541472405285	37.39337096295039	0.0
73.0	38.13272316768226	12.114903741108494	11.837537326114928	37.91483576509432	0.0
74.0	37.3505909519035	11.264242092790083	13.183240664782915	38.20131862789779	6.076626257102057E-4
75.0	36.659434686688684	11.836475994295673	12.472118279438831	39.03197103957681	0.0
76.0	38.86612730880781	12.354754999236759	13.202869790871622	35.5762479010838	0.0
77.0	35.658339870562855	12.130442243577171	12.06731712100412	40.14390076485586	0.0
78.0	36.979339299524916	13.001632723210449	12.76040707595232	37.25862090131232	0.0
79.0	36.775474818772636	12.715735884555555	12.33391334288402	38.17487595378779	0.0
80.0	37.44787785093527	10.74593955370506	12.394754833424694	39.411427761934966	0.0
81.0	39.30600887232612	12.850065092517754	11.764161478803285	36.07976455635284	0.0
82.0	36.44199755310866	12.100371976915186	10.73604468666197	40.72158578331418	0.0
83.0	37.512224711868186	13.228685673256663	11.524034711991977	37.73505490288318	0.0
84.0	36.6533765726439	12.756630062068666	11.546880134926491	39.043113230360944	0.0
85.0	37.778040479582884	12.407682783422409	11.497421028726443	38.316855708268264	0.0
86.0	36.45058647367107	12.75829797853756	12.477539306214124	38.31357624157724	0.0
87.0	36.52997988430351	11.655859165136125	13.227632220098204	38.58652873046216	0.0
88.0	38.566608449610946	12.008989214194946	12.602427588624513	36.8219747475696	0.0
89.0	38.52150335166077	11.770354748813737	10.323617283020763	39.384524616504734	0.0
90.0	37.2111143226974	12.425068804745328	13.522174606964674	36.8416422655926	0.0
91.0	35.915846459819925	12.058788021273486	12.50992826234758	39.51480184776876	6.354087902452042E-4
92.0	35.62037013466385	11.564799022477915	12.179568770205941	40.634625665045945	6.36407606343711E-4
93.0	38.6357983354061	12.646449185241876	11.602410791160432	37.11534168819159	0.0
94.0	37.60726937882877	11.701474594262768	12.004578532056119	38.68667749485235	0.0
95.0	39.09379305924953	12.348511551895408	12.239561636812253	36.31813375204281	0.0
96.0	36.489369906681404	12.173192112907786	13.308825419676598	38.02861256073421	0.0
97.0	36.80688275001126	12.989453228058661	12.211475968932389	37.99218805299769	0.0
98.0	36.24363190817051	11.614109756883988	12.553040562326693	39.58921777261882	0.0
99.0	38.52394424420933	11.401774987404565	11.021328269322689	39.052952499063416	0.0
100.0	37.578475916792875	11.576896690096177	11.195034497042187	39.64959289606876	0.0
101.0	35.888323227082594	10.85378903336684	12.793540646583871	40.4643470929667	0.0
102.0	36.046481416527016	12.72912688205568	13.79957649687569	37.424815204541616	0.0
103.0	36.48899271820969	12.177964612711573	11.239596280365195	40.09344638871355	0.0
104.0	34.85031267728704	12.377325516944566	12.157571094142273	40.61479071162612	0.0
105.0	35.71602444752926	11.870472832058105	12.644162132645608	39.769340587767026	0.0
106.0	36.33125791473196	11.909692908400169	13.534851203039258	38.22353841283242	6.595609962009286E-4
107.0	37.75222993062438	12.353485298975883	11.215064420218038	38.679220350181694	0.0
108.0	37.74382938727421	12.693359103515379	10.503114264722429	39.059697244487985	0.0
109.0	36.023922239461086	11.15155613902481	12.575088514938141	40.249433106575964	0.0
110.0	35.84712597091088	11.332000026577543	11.607742038364684	41.213131964146896	0.0
111.0	35.46128089573501	12.43950660018772	12.898158071666789	39.20105443241048	0.0
112.0	37.34617978353331	11.588512976650708	12.04989016418618	39.015417075629806	0.0
113.0	36.44648297566038	12.703471826977802	11.873849141250126	38.97619605611169	0.0
114.0	36.41639073403676	12.337378852702349	12.490513066781293	38.75571734647959	0.0
115.0	35.917347467958	12.051698242825488	12.300895088128128	39.73005920108839	0.0
116.0	36.81345065231065	12.754042702845277	12.59443118105763	37.838075463786446	0.0
117.0	36.094481775605786	12.854815719812665	12.444851693477228	38.605850811104325	0.0
118.0	36.45353387552319	12.609657331473102	11.50849014870521	39.4283186442985	0.0
119.0	36.15097119161938	12.178770187690963	11.214398734177216	40.45585988651244	0.0
120.0	35.93227296049256	11.815974003762614	10.563365828630067	41.68838720711476	0.0
121.0	35.62627773280463	13.322722719975852	12.413731597217458	38.63658191896601	6.860310360440706E-4
122.0	35.84275454451737	12.631181059070135	12.526717294938319	38.99934710147417	0.0
123.0	36.02598726816766	12.106263951277317	12.913026703778213	38.95472207677681	0.0
124.0	36.64579983021251	11.675305582971557	11.722238710167234	39.9566558766487	0.0
125.0	37.572338363560846	11.657898380174442	11.46407309982002	39.30569015644469	0.0
126.0	36.91852797867762	13.072448880436443	12.388772436386857	37.62025070449908	0.0
127.0	38.49712671666504	11.831944231866313	11.229459154851188	38.441469896617456	0.0
128.0	39.06206415620642	11.827057182705717	11.780334728033473	37.33054393305439	0.0
129.0	37.5754822476936	12.964774951076322	11.82415431926195	37.63558848196813	0.0
130.0	36.14143398344324	11.562368457976708	11.591132313736495	40.70506524484355	0.0
131.0	36.09877445468855	13.394563750843266	12.749465932089048	37.757195862379135	0.0
132.0	35.13115735361431	12.908700397873316	12.785465300517588	39.17467694799479	0.0
133.0	36.48302663967669	12.812718206247665	12.469936028099674	38.23431912597598	0.0
134.0	38.28064792098249	12.032212221695879	12.487538621435693	37.19960123588594	0.0
135.0	38.650599322381346	10.201292600290408	10.52088375138798	40.62722432594026	0.0
136.0	35.12558112962315	12.440280227667126	12.319590941876326	40.1145477008334	0.0
137.0	36.38128671729474	12.434446195730049	11.91073219658977	39.27353489038544	0.0
138.0	36.775513133342905	11.722405626525047	12.894359121573132	38.60772211855892	0.0
139.0	37.23812546892133	13.362815259421712	11.369538869971722	38.02952040168523	0.0
140.0	36.804103573263106	12.819325572814549	12.229690133915975	38.146880720006365	0.0
141.0	38.80200584918395	12.384159306806389	11.239722200047897	37.57411264396177	0.0
142.0	37.288937064870254	13.156650346648819	12.489542336260266	37.06487025222066	0.0
143.0	37.237410281846294	13.65320651222501	12.661200910311024	36.44161755266382	0.006564742953842562
144.0	34.920693012055246	13.84779792272052	13.123165545560344	38.096632289325946	0.01171123033794219
145.0	35.92770249858161	12.621852826101373	12.878268750414465	38.5699654427964	0.0022104821061473506
146.0	39.216822707683164	11.643632040422053	11.693416555208797	37.445385644226484	7.43052459503641E-4
147.0	36.11092159226157	12.14209365263469	12.233820775814362	39.500276697520334	0.012887281769044748
148.0	32.82203186294132	14.206228484508845	12.289648546953806	40.68209110559603	0.0
149.0	34.62132171692273	14.721214227409018	11.368834506558477	39.28539678178012	0.0032327673296533663
150.0	32.00293217196326	15.632788581777412	11.651933939890474	40.71234530636885	0.0
