#Insert size (bp)	insert size
21.0	1.0
23.0	7.0
25.0	8.0
28.0	1.0
29.0	2.0
30.0	2.0
31.0	1.0
32.0	2.0
33.0	5.0
34.0	2.0
35.0	5.0
36.0	9.0
37.0	2.0
38.0	4.0
39.0	3.0
40.0	5.0
41.0	3.0
42.0	8.0
43.0	6.0
44.0	8.0
45.0	6.0
46.0	3.0
47.0	4.0
48.0	3.0
49.0	2.0
50.0	3.0
51.0	3.0
52.0	5.0
53.0	9.0
54.0	1.0
55.0	4.0
56.0	3.0
57.0	4.0
58.0	2.0
59.0	1.0
60.0	2.0
61.0	3.0
62.0	4.0
63.0	9.0
64.0	11.0
65.0	5.0
66.0	6.0
67.0	2.0
68.0	2.0
69.0	3.0
70.0	5.0
71.0	3.0
72.0	6.0
73.0	8.0
74.0	7.0
75.0	12.0
76.0	3.0
77.0	4.0
78.0	2.0
79.0	4.0
80.0	11.0
81.0	7.0
82.0	4.0
83.0	5.0
84.0	7.0
85.0	7.0
86.0	8.0
87.0	6.0
88.0	5.0
89.0	6.0
90.0	5.0
91.0	6.0
92.0	6.0
93.0	13.0
94.0	6.0
95.0	9.0
96.0	7.0
97.0	5.0
98.0	3.0
99.0	9.0
100.0	5.0
101.0	3.0
102.0	8.0
103.0	2.0
104.0	11.0
105.0	7.0
106.0	8.0
107.0	6.0
108.0	2.0
109.0	4.0
110.0	6.0
111.0	10.0
112.0	5.0
113.0	7.0
114.0	12.0
115.0	8.0
116.0	3.0
117.0	22.0
118.0	4.0
119.0	6.0
120.0	7.0
121.0	2.0
122.0	8.0
123.0	4.0
124.0	6.0
125.0	6.0
126.0	5.0
127.0	8.0
128.0	4.0
129.0	11.0
130.0	6.0
131.0	3.0
132.0	4.0
133.0	2.0
134.0	4.0
135.0	7.0
136.0	10.0
137.0	9.0
138.0	11.0
139.0	8.0
140.0	3.0
141.0	8.0
142.0	5.0
143.0	7.0
144.0	5.0
145.0	8.0
146.0	12.0
147.0	12.0
148.0	4.0
149.0	9.0
150.0	5.0
151.0	3.0
152.0	4.0
153.0	6.0
154.0	6.0
155.0	6.0
156.0	12.0
157.0	8.0
158.0	10.0
159.0	7.0
160.0	7.0
161.0	4.0
162.0	6.0
163.0	5.0
164.0	5.0
165.0	7.0
166.0	7.0
167.0	9.0
168.0	8.0
169.0	4.0
170.0	6.0
171.0	5.0
172.0	7.0
173.0	6.0
174.0	6.0
175.0	7.0
176.0	8.0
177.0	10.0
178.0	8.0
179.0	4.0
180.0	7.0
181.0	11.0
182.0	7.0
183.0	7.0
184.0	9.0
185.0	9.0
186.0	10.0
187.0	8.0
188.0	8.0
189.0	3.0
190.0	11.0
191.0	10.0
192.0	8.0
193.0	5.0
194.0	6.0
195.0	7.0
196.0	6.0
197.0	8.0
198.0	9.0
199.0	6.0
200.0	10.0
201.0	10.0
202.0	6.0
203.0	7.0
204.0	10.0
205.0	4.0
206.0	16.0
207.0	12.0
208.0	6.0
209.0	8.0
210.0	9.0
211.0	12.0
212.0	8.0
213.0	9.0
214.0	2.0
215.0	8.0
216.0	5.0
217.0	10.0
218.0	6.0
219.0	7.0
220.0	12.0
221.0	5.0
222.0	10.0
223.0	9.0
224.0	6.0
225.0	7.0
226.0	9.0
227.0	6.0
228.0	11.0
229.0	9.0
230.0	13.0
231.0	7.0
232.0	7.0
233.0	10.0
234.0	10.0
235.0	9.0
236.0	5.0
237.0	7.0
238.0	10.0
239.0	11.0
240.0	5.0
241.0	11.0
242.0	4.0
243.0	12.0
244.0	3.0
245.0	14.0
246.0	10.0
247.0	13.0
248.0	10.0
249.0	11.0
250.0	16.0
251.0	13.0
252.0	23.0
253.0	6.0
254.0	11.0
255.0	7.0
256.0	10.0
257.0	3.0
258.0	11.0
259.0	16.0
260.0	5.0
261.0	17.0
262.0	6.0
263.0	6.0
264.0	11.0
265.0	7.0
266.0	14.0
267.0	6.0
268.0	11.0
269.0	5.0
270.0	10.0
271.0	13.0
272.0	8.0
273.0	9.0
274.0	10.0
275.0	16.0
276.0	9.0
277.0	13.0
278.0	7.0
279.0	15.0
280.0	13.0
281.0	7.0
282.0	11.0
283.0	13.0
284.0	14.0
285.0	13.0
286.0	8.0
287.0	20.0
288.0	13.0
289.0	15.0
290.0	13.0
291.0	3.0
292.0	8.0
293.0	12.0
294.0	14.0
295.0	12.0
296.0	13.0
297.0	17.0
298.0	9.0
299.0	6.0
300.0	13.0
301.0	18.0
302.0	7.0
303.0	10.0
304.0	13.0
305.0	7.0
306.0	8.0
307.0	15.0
308.0	12.0
309.0	13.0
310.0	13.0
311.0	14.0
312.0	16.0
313.0	12.0
314.0	5.0
315.0	12.0
316.0	15.0
317.0	15.0
318.0	17.0
319.0	9.0
320.0	11.0
321.0	13.0
322.0	9.0
323.0	15.0
324.0	19.0
325.0	7.0
326.0	15.0
327.0	10.0
328.0	9.0
329.0	15.0
330.0	15.0
331.0	14.0
332.0	14.0
333.0	7.0
334.0	6.0
335.0	13.0
336.0	23.0
337.0	16.0
338.0	15.0
339.0	16.0
340.0	21.0
341.0	11.0
342.0	16.0
343.0	14.0
344.0	6.0
345.0	12.0
346.0	17.0
347.0	17.0
348.0	12.0
349.0	11.0
350.0	16.0
351.0	19.0
352.0	17.0
353.0	11.0
354.0	15.0
355.0	13.0
356.0	12.0
357.0	18.0
358.0	20.0
359.0	15.0
360.0	15.0
361.0	14.0
362.0	22.0
363.0	18.0
364.0	19.0
365.0	15.0
366.0	17.0
367.0	22.0
368.0	23.0
369.0	16.0
370.0	11.0
371.0	21.0
372.0	14.0
373.0	18.0
374.0	16.0
375.0	14.0
376.0	24.0
377.0	16.0
378.0	17.0
379.0	15.0
380.0	18.0
381.0	18.0
382.0	12.0
383.0	13.0
384.0	22.0
385.0	22.0
386.0	6.0
387.0	10.0
388.0	11.0
389.0	16.0
390.0	17.0
391.0	19.0
392.0	17.0
393.0	24.0
394.0	21.0
395.0	12.0
396.0	23.0
397.0	12.0
398.0	17.0
399.0	13.0
400.0	28.0
401.0	16.0
402.0	21.0
403.0	17.0
404.0	15.0
405.0	21.0
406.0	13.0
407.0	8.0
408.0	16.0
409.0	12.0
410.0	14.0
411.0	13.0
412.0	21.0
413.0	14.0
414.0	20.0
415.0	13.0
416.0	18.0
417.0	14.0
418.0	10.0
419.0	18.0
420.0	21.0
421.0	17.0
422.0	19.0
423.0	17.0
424.0	17.0
425.0	9.0
426.0	21.0
427.0	30.0
428.0	14.0
429.0	17.0
430.0	16.0
431.0	17.0
432.0	21.0
433.0	20.0
434.0	19.0
435.0	15.0
436.0	21.0
437.0	27.0
438.0	18.0
439.0	20.0
440.0	27.0
441.0	19.0
442.0	14.0
443.0	22.0
444.0	16.0
445.0	15.0
446.0	17.0
447.0	19.0
448.0	20.0
449.0	24.0
450.0	20.0
451.0	19.0
452.0	9.0
453.0	21.0
454.0	17.0
455.0	22.0
456.0	15.0
457.0	18.0
458.0	24.0
459.0	14.0
460.0	22.0
461.0	13.0
462.0	11.0
463.0	14.0
464.0	17.0
465.0	16.0
466.0	17.0
467.0	18.0
468.0	13.0
469.0	20.0
470.0	13.0
471.0	15.0
472.0	15.0
473.0	23.0
474.0	11.0
475.0	17.0
476.0	18.0
477.0	19.0
478.0	20.0
479.0	9.0
480.0	12.0
481.0	19.0
482.0	14.0
483.0	11.0
484.0	16.0
485.0	9.0
486.0	20.0
487.0	21.0
488.0	23.0
489.0	14.0
490.0	13.0
491.0	23.0
492.0	13.0
493.0	18.0
494.0	10.0
495.0	19.0
496.0	8.0
497.0	20.0
498.0	23.0
499.0	15.0
500.0	13.0
501.0	18.0
502.0	13.0
503.0	11.0
504.0	12.0
505.0	14.0
506.0	20.0
507.0	21.0
508.0	19.0
509.0	19.0
510.0	13.0
511.0	11.0
512.0	26.0
513.0	18.0
514.0	12.0
515.0	13.0
516.0	12.0
517.0	18.0
518.0	17.0
519.0	8.0
520.0	10.0
521.0	16.0
522.0	11.0
523.0	12.0
524.0	8.0
525.0	18.0
526.0	11.0
527.0	16.0
528.0	12.0
529.0	9.0
530.0	27.0
531.0	12.0
532.0	8.0
533.0	15.0
534.0	16.0
535.0	16.0
536.0	10.0
537.0	13.0
538.0	10.0
539.0	16.0
540.0	16.0
541.0	14.0
542.0	11.0
543.0	6.0
544.0	7.0
545.0	16.0
546.0	10.0
547.0	15.0
548.0	9.0
549.0	15.0
550.0	17.0
551.0	16.0
552.0	10.0
553.0	13.0
554.0	11.0
555.0	17.0
556.0	9.0
557.0	13.0
558.0	16.0
559.0	10.0
560.0	10.0
561.0	9.0
562.0	12.0
563.0	9.0
564.0	9.0
565.0	11.0
566.0	13.0
567.0	4.0
568.0	6.0
569.0	10.0
570.0	8.0
571.0	10.0
572.0	8.0
573.0	9.0
574.0	4.0
575.0	7.0
576.0	8.0
577.0	4.0
578.0	6.0
579.0	12.0
580.0	9.0
581.0	11.0
582.0	6.0
583.0	10.0
584.0	10.0
585.0	5.0
586.0	6.0
587.0	12.0
588.0	7.0
589.0	8.0
590.0	4.0
591.0	4.0
592.0	13.0
593.0	6.0
594.0	4.0
595.0	9.0
596.0	9.0
597.0	8.0
598.0	7.0
599.0	7.0
600.0	9.0
601.0	8.0
602.0	6.0
603.0	12.0
604.0	13.0
605.0	10.0
606.0	13.0
607.0	12.0
608.0	11.0
609.0	5.0
610.0	11.0
611.0	6.0
612.0	2.0
613.0	8.0
614.0	12.0
615.0	8.0
616.0	4.0
617.0	6.0
618.0	14.0
619.0	4.0
620.0	4.0
621.0	3.0
622.0	6.0
623.0	7.0
624.0	7.0
625.0	7.0
626.0	7.0
627.0	7.0
628.0	7.0
629.0	6.0
630.0	6.0
631.0	7.0
632.0	7.0
633.0	1.0
634.0	4.0
635.0	5.0
636.0	7.0
637.0	4.0
638.0	5.0
639.0	6.0
640.0	4.0
641.0	7.0
642.0	6.0
643.0	6.0
644.0	4.0
645.0	5.0
646.0	10.0
647.0	11.0
648.0	7.0
649.0	2.0
650.0	3.0
651.0	4.0
652.0	4.0
653.0	4.0
654.0	2.0
655.0	9.0
656.0	2.0
657.0	6.0
658.0	6.0
659.0	4.0
660.0	4.0
661.0	4.0
662.0	7.0
663.0	4.0
664.0	2.0
665.0	2.0
666.0	5.0
667.0	11.0
668.0	6.0
669.0	4.0
670.0	5.0
671.0	3.0
672.0	7.0
673.0	5.0
674.0	6.0
675.0	4.0
676.0	3.0
678.0	2.0
679.0	4.0
680.0	5.0
681.0	2.0
682.0	6.0
683.0	6.0
684.0	6.0
685.0	5.0
686.0	1.0
687.0	7.0
688.0	5.0
689.0	5.0
690.0	3.0
691.0	2.0
692.0	1.0
693.0	3.0
694.0	4.0
695.0	1.0
696.0	1.0
697.0	7.0
698.0	5.0
700.0	3.0
701.0	4.0
702.0	5.0
703.0	5.0
704.0	1.0
705.0	2.0
706.0	5.0
707.0	6.0
708.0	3.0
709.0	1.0
710.0	2.0
711.0	2.0
712.0	3.0
713.0	3.0
714.0	4.0
715.0	5.0
716.0	1.0
717.0	2.0
718.0	1.0
719.0	2.0
720.0	3.0
721.0	3.0
722.0	5.0
723.0	5.0
726.0	1.0
728.0	1.0
729.0	2.0
730.0	3.0
731.0	3.0
732.0	2.0
733.0	4.0
735.0	1.0
736.0	1.0
737.0	1.0
738.0	2.0
739.0	3.0
740.0	2.0
741.0	1.0
742.0	1.0
743.0	4.0
744.0	2.0
745.0	1.0
746.0	5.0
747.0	4.0
748.0	1.0
750.0	1.0
751.0	4.0
752.0	2.0
753.0	1.0
754.0	1.0
755.0	4.0
756.0	1.0
757.0	2.0
758.0	4.0
759.0	2.0
760.0	1.0
761.0	3.0
762.0	1.0
763.0	2.0
764.0	2.0
765.0	1.0
766.0	4.0
767.0	3.0
768.0	2.0
769.0	1.0
770.0	1.0
771.0	1.0
772.0	3.0
773.0	2.0
774.0	1.0
775.0	3.0
777.0	1.0
778.0	1.0
779.0	2.0
781.0	1.0
782.0	3.0
783.0	2.0
784.0	2.0
785.0	3.0
786.0	1.0
788.0	3.0
790.0	2.0
791.0	1.0
792.0	3.0
793.0	3.0
794.0	3.0
795.0	1.0
797.0	1.0
798.0	2.0
799.0	4.0
801.0	1.0
802.0	1.0
803.0	2.0
804.0	2.0
805.0	1.0
806.0	2.0
808.0	2.0
810.0	1.0
811.0	2.0
813.0	2.0
814.0	1.0
815.0	3.0
816.0	1.0
817.0	1.0
818.0	2.0
820.0	1.0
821.0	3.0
824.0	1.0
825.0	1.0
828.0	1.0
829.0	2.0
830.0	3.0
831.0	1.0
832.0	2.0
833.0	2.0
834.0	3.0
835.0	1.0
838.0	1.0
840.0	1.0
842.0	1.0
843.0	1.0
848.0	1.0
850.0	1.0
851.0	2.0
852.0	3.0
856.0	1.0
863.0	1.0
864.0	2.0
867.0	2.0
869.0	1.0
871.0	1.0
873.0	1.0
874.0	3.0
875.0	1.0
877.0	2.0
878.0	2.0
879.0	1.0
880.0	1.0
881.0	1.0
882.0	2.0
883.0	2.0
884.0	2.0
889.0	1.0
892.0	1.0
893.0	2.0
901.0	1.0
902.0	1.0
910.0	1.0
916.0	1.0
926.0	1.0
933.0	1.0
940.0	1.0
941.0	1.0
945.0	1.0
949.0	1.0
952.0	1.0
963.0	2.0
966.0	1.0
974.0	1.0
976.0	1.0
978.0	1.0
988.0	1.0
991.0	1.0
998.0	1.0
1006.0	1.0
1016.0	1.0
1022.0	1.0
