# Position (bp)	A	C	G	T	N
0.0	34.32258955069363	19.145558699703223	27.931534267375252	18.600317482227897	0.0
1.0	26.616520598992476	12.863156441929474	9.557656476433648	50.9626664826444	0.0
2.0	38.571330069640766	13.335172033372405	8.929187064745225	39.164310832241604	0.0
3.0	23.387096774193548	15.019299696719052	8.057623380204024	53.535980148883375	0.0
4.0	43.468375361719715	6.249138762574066	6.497175141242938	43.78531073446328	0.0
5.0	52.60947397411182	8.034976590470945	14.107683833654642	25.247865601762598	0.0
6.0	39.369536788491985	10.007571064767017	13.72427558675752	36.89861655998348	0.0
7.0	47.52080324599409	11.807991197304174	12.365036792517708	28.30616876418403	0.0
8.0	21.627379561542163	24.403821043227268	18.624149542986736	35.34464985224383	0.0
9.0	36.51654537965124	11.616092269669092	6.611286557737197	45.25607579294247	0.0
10.0	34.88196541312105	10.801537194619819	19.26297007960472	35.026077408729066	0.02744990392533626
11.0	32.484906695938534	10.867178924259056	11.553238199780461	45.094676180021956	0.0
12.0	33.4724883657268	13.673692855187516	15.281960032849712	37.57185874623597	0.0
13.0	30.842911877394634	18.178708264915162	11.487411056376573	39.49096880131363	0.0
14.0	42.01927677900061	12.864857474878665	13.521088249367693	31.594777496753025	0.0
15.0	40.978676872607984	12.089939857845817	11.215144887916894	35.7162383816293	0.0
16.0	39.69945355191257	10.211748633879782	11.653005464480874	38.435792349726775	0.0
17.0	39.47548149159951	11.4396940308701	10.825023903838273	38.25980057369212	0.0
18.0	40.1638784568112	9.778081256401503	11.730966200068282	38.327074086719016	0.0
19.0	37.54012155978966	10.892576657788705	11.172573926108038	40.394727856313594	0.0
20.0	39.143814538740344	10.654448471585857	10.627094303494495	39.57464268617931	0.0
21.0	36.705914567360345	12.732749178532309	11.73329682365827	38.82803943044907	0.0
22.0	38.83668290006173	10.789491734686878	11.605734275327526	38.768091089923864	0.0
23.0	38.59239950610509	11.592811085196871	12.745232542186857	37.069556866511185	0.0
24.0	35.06003430531732	13.317324185248713	12.377358490566037	39.24528301886793	0.0
25.0	38.83842554362786	12.014863748967795	11.560693641618498	37.58601706578585	0.0
26.0	36.944387016745914	10.164702639377024	12.466404796361381	40.42450554751568	0.0
27.0	37.87586206896552	11.420689655172414	10.455172413793104	40.248275862068965	0.0
28.0	38.140273367389206	11.96327488609692	12.342951815546044	37.55349993096783	0.0
29.0	34.01548672566372	11.345409292035399	11.504424778761061	43.134679203539825	0.0
30.0	38.61811132650235	11.603433951813901	11.50650789255054	38.2719468291332	0.0
31.0	35.515831774405875	12.665419524700338	11.605348853322248	40.21339984757154	0.0
32.0	39.662593723965564	11.469036378783672	11.385726187170231	37.48264371008053	0.0
33.0	37.25053890550031	11.640358806758918	11.11188373548432	39.99721855225645	0.0
34.0	39.27475592747559	9.560669456066947	10.760111576011159	40.4044630404463	0.0
35.0	38.60755060586958	10.940673811024725	11.374938712614695	39.076836870491	0.0
36.0	35.5115233277122	13.139404159640247	13.111298482293424	38.23777403035413	0.0
37.0	36.199859254046444	13.0752990851513	10.084447572132301	40.64039408866995	0.0
38.0	37.57127771911299	12.854628651883141	10.489264343541006	39.08482928546286	0.0
39.0	37.75819527670074	11.194924215720832	10.370109270356009	40.67677123722242	0.0
40.0	35.67540821375557	11.41584788294338	11.606701067364106	41.302042835936945	0.0
41.0	38.6577847069662	11.147331868754872	11.57961873715541	38.61526468712352	0.0
42.0	40.68892045454545	10.745738636363637	10.262784090909092	38.30255681818181	0.0
43.0	37.57666524033662	12.573099415204677	10.469262587362715	39.380972757095996	0.0
44.0	39.87133666904932	10.836311651179415	10.264474624731951	39.02787705503931	0.0
45.0	37.48835876495451	12.730138262053156	11.16842180671968	38.61308116627266	0.0
46.0	36.87607573149742	11.31669535283993	11.5390131956397	40.26821572002295	0.0
47.0	38.10207451008542	11.513889885866053	11.7435934247362	38.64044217931232	0.0
48.0	35.6419282994468	11.085566491845679	10.927509160140815	42.344996048566706	0.0
49.0	37.045291157440694	11.775700934579438	11.315600287562905	39.86340762041697	0.0
50.0	39.0852690809407	11.152791804934353	11.477420285673064	38.28451882845189	0.0
51.0	38.59242632684092	12.330750850771125	10.643689812468322	38.43313300991963	0.0
52.0	40.950586871467905	11.179539197217794	10.49847848137951	37.37139544993479	0.0
53.0	37.93579314352121	12.354735618826265	10.400929692039512	39.30854154561302	0.0
54.0	37.559982550530755	11.931074596481023	12.141922349861858	38.36702050312636	0.0
55.0	36.112122315253	11.983982526392428	10.680742628321806	41.22315253003276	0.0
56.0	37.5337074557248	11.741126740033526	11.704686247358065	39.02047955688361	0.0
57.0	39.582420791356405	11.892247043363994	10.388377865381807	38.136954299897795	0.0
58.0	36.77824879403596	13.462944014033035	10.29820201724894	39.46060517468206	0.0
59.0	36.42287136686434	12.467969836737682	10.9598067208434	40.14935207555458	0.0
60.0	40.145182578090626	10.815368822407978	11.123331866842644	37.91611673265875	0.0
61.0	37.700946927989435	12.376128606033914	11.260368494457902	38.662555971518756	0.0
62.0	39.21251744655844	10.805847351796077	11.00418717402483	38.97744802762066	0.0
63.0	37.77597880482779	12.334412717103326	12.282896673535472	37.60671180453341	0.0
64.0	39.211633572008566	11.567136635417436	11.234959769690708	37.986270022883296	0.0
65.0	38.763711829232136	11.525348354580492	11.695819745034095	38.01512007115328	0.0
66.0	36.38389540930025	11.981874907146041	11.49160600207993	40.14262368147378	0.0
67.0	37.64679649174967	10.220008919280511	11.260591645607255	40.872602943362565	0.0
68.0	40.85750315258512	11.690527408945924	12.165269638750836	35.28669979971812	0.0
69.0	35.37820131030375	10.817450863609292	12.217093508040499	41.587254318046455	0.0
70.0	39.02566398090123	10.39988063264697	10.937033721277231	39.63742166517458	0.0
71.0	38.71064243512078	11.300575873158328	10.42554782738763	39.563233864333256	0.0
72.0	39.056759391167425	11.351878233485792	9.94976381495089	39.64159856039589	0.0
73.0	37.28877206158468	11.641006383777693	10.619601952684942	40.45061960195269	0.0
74.0	36.670678501579665	10.899653979238755	11.170452835865804	41.25921468331578	0.0
75.0	36.780223093156465	11.358154959300574	11.599336750075368	40.26228519746759	0.0
76.0	38.872112335799486	10.576777895213649	11.943228144345461	38.6078816246414	0.0
77.0	36.672967863894144	11.7882797731569	10.434782608695652	41.103969754253306	0.0
78.0	37.503786731293545	11.625265071190547	11.117843077855195	39.75310511966071	0.0
79.0	37.9396794043911	12.702271518650763	10.689052647572742	38.6689964293854	0.0
80.0	40.47600884888245	10.344038446868565	11.221298344648714	37.958654359600274	0.0
81.0	39.2436974789916	12.406417112299465	10.595874713521772	37.75401069518717	0.0
82.0	37.7131931166348	11.824091778202677	11.908221797323137	38.55449330783939	0.0
83.0	37.663730371505174	12.079662964381463	11.489850631941785	38.766756032171585	0.0
84.0	38.319263238679966	12.440521872601689	10.39140445126631	38.84881043745204	0.0
85.0	38.74663590926567	11.064975009611688	9.896193771626297	40.29219530949635	0.0
86.0	39.70576908264653	10.821843949780483	11.684510513748748	37.78787645382423	0.0
87.0	37.755495564982645	12.919398380254531	10.713459313536443	38.61164674122638	0.0
88.0	40.498803181221525	9.6903713998919	11.373639101227704	38.43718631765887	0.0
89.0	35.87242607214739	12.323889146926769	10.760179594364452	41.04350518656138	0.0
90.0	37.85481619357841	10.563052582596557	11.307584923220103	40.27454630060493	0.0
91.0	36.11995959909875	12.648589853158262	10.543081345660788	40.6883692020822	0.0
92.0	36.495327102803735	11.012461059190032	13.707165109034266	38.78504672897196	0.0
93.0	39.53325007805182	11.387761473618482	9.498907274430222	39.580081173899465	0.0
94.0	35.207958016761964	11.76470588235294	12.391321375421008	40.636014725464086	0.0
95.0	39.88384868937372	11.340448909119448	9.73944435724376	39.036258044263064	0.0
96.0	38.126378821304755	12.03907973526631	11.377245508982035	38.4572959344469	0.0
97.0	38.81610102604578	11.791633780584057	9.36069455406472	40.03157063930545	0.0
98.0	39.810201660735466	11.822854883353104	10.304468169236852	38.06247528667458	0.0
99.0	37.58118168857912	12.43465864089973	11.515919531126247	38.4682401393949	0.0
100.0	38.82978723404255	12.297554779295014	11.114639568116862	37.75801841854557	0.0
101.0	34.99562554680665	11.874652032132348	11.755348763222779	41.37437365783823	0.0
102.0	35.17972423686937	12.983183231051248	11.429026859010122	40.40806567306926	0.0
103.0	34.608626198083066	11.996805111821086	10.654952076677317	42.73961661341853	0.0
104.0	37.98312575331458	12.631578947368421	10.823623945359582	38.56167135395741	0.0
105.0	39.11154031868663	10.985031385803959	10.075647835184292	39.82778046032512	0.0
106.0	37.85593288698878	10.752601435831249	12.79341776236186	38.5980479148181	0.0
107.0	35.83030303030303	12.145454545454545	11.402020202020202	40.62222222222222	0.0
108.0	37.39081203494015	11.865092203170494	10.934972500808799	39.80912326108056	0.0
109.0	37.53948327528954	11.298291082854135	11.30639021624686	39.855835425609456	0.0
110.0	36.973833902161545	11.76661790996262	11.002762879895986	40.25678530797985	0.0
111.0	36.8214519293656	11.551667756703727	10.856769130150425	40.77011118378025	0.0
112.0	37.7282447771015	11.556177002796513	10.0098700444152	40.70570817568679	0.0
113.0	36.48659793814433	12.148453608247422	11.430927835051547	39.9340206185567	0.0
114.0	37.91818482941372	11.377939715137462	10.533289168598873	40.170586286849954	0.0
115.0	36.2300796812749	11.993691899070386	11.088977423638777	40.68725099601594	0.0
116.0	38.6511240632806	12.048293089092423	12.131557035803498	37.16902581182348	0.0
117.0	37.089633280427705	11.369142093392364	11.060061816055468	40.48116281012447	0.0
118.0	37.3302029179943	11.881603219855776	11.294650343786685	39.49354351836324	0.0
119.0	34.13874389627883	13.301902677218386	10.877252062636808	41.68210136386597	0.0
120.0	35.89201083276913	10.892010832769126	11.780636425186188	41.43534190927556	0.0
121.0	36.1882912736851	13.849944770158892	11.700229416263063	38.261534539892935	0.0
122.0	37.89868667917448	12.732389561657854	10.028995394849053	39.33992836431861	0.0
123.0	38.47731350935658	12.706143723831495	10.330684439887209	38.48585832692472	0.0
124.0	36.70907840440165	13.10178817056396	10.875171939477305	39.31396148555709	0.0
125.0	36.04450577885113	11.7560807314128	11.324823184405727	40.874590305330344	0.0
126.0	37.610236901262326	12.683728168770534	10.755663150613868	38.950371779353276	0.0
127.0	36.53612892046439	11.930341361982325	11.88702131346387	39.64650840408942	0.0
128.0	36.094416862642625	13.465725982057311	10.513021513805418	39.92683564149465	0.0
129.0	38.428558929040165	14.025724035348674	11.007087234228717	36.53862980138245	0.0
130.0	37.1900826446281	11.895551257253386	9.89977140847547	41.01459468964305	0.0
131.0	38.36738288129623	12.090524832687565	13.041563930961605	36.5005283550546	0.0
132.0	37.08182540383088	11.978109277076529	10.936534557330745	40.00353076176185	0.0
133.0	35.58227960031833	11.212308780617207	12.635953665222388	40.569457953842075	0.0
134.0	38.24390243902439	11.077605321507761	12.097560975609756	38.58093126385809	0.0
135.0	38.3158456340032	10.36813089098346	10.5459719011204	40.77005157389294	0.0
136.0	37.03240782073029	12.79350058030533	10.1062405142398	40.06785108472457	0.0
137.0	37.11958467597565	13.506981740064447	10.007160759040458	39.36627282491944	0.0
138.0	39.06558849955076	12.5696316262354	9.254267744833783	39.110512129380055	0.0
139.0	38.87085137085137	11.886724386724387	10.344516594516595	38.89790764790765	0.0
140.0	40.51193921852388	11.966353111432706	9.17149059334298	38.35021707670043	0.0
141.0	37.41150844073334	10.80958431657288	11.708113995280451	40.07079324741332	0.0
142.0	39.75081847944707	14.323390323754094	9.594397962895599	36.331393233903235	0.0
143.0	39.21961892606436	12.47151062084055	12.161546175585741	36.14732427750935	0.0
144.0	38.36218741412476	12.338554547952734	11.60575249610699	37.69350554181552	0.0
145.0	37.588783322571715	11.613319804446084	11.945392491467576	38.85250438151462	0.0
146.0	37.922053762440704	11.57101664961399	11.338480141382197	39.16844944656311	0.0
147.0	36.47607268575778	10.81723908286557	12.929312149177052	39.7773760821996	0.0
148.0	34.82865421120991	12.888400439604355	10.770306723948446	41.51263862523729	0.0
149.0	34.222761269456235	10.814635132403478	10.329492621790983	44.63311097634931	0.0
150.0	34.718614718614724	11.352813852813853	10.357142857142858	43.57142857142857	0.0
